10
leopard
1.04071 1.16681 1.26974 1.14477 1.09946 1.26075 1.18363 1.10752 1.24655 1.28195 
1.36402 1.45963 1.43716 1.45384 1.38099 1.3281 1.47497 1.46972 1.59879 1.47655 
1.17117 1.04673 1.20297 1.14135 1.16901 1.17516 1.12031 1.16051 0.997131 0.86004 
1.12327 1.11118 1.24299 1.14198 1.03562 1.22968 1.14785 1.07912 1.01506 1.13895 
amazon
2.0387 1.38804 1.40365 1.3103 1.33958 1.26848 1.24706 1.34928 1.29265 1.30154 
1.60828 1.49 1.43924 1.47864 1.34173 1.6056 1.37087 1.53482 1.50553 1.52772 
1.42976 1.243 1.24622 1.36173 1.20198 1.66494 1.62677 1.35804 1.48099 1.20506 
1.56804 1.41353 1.35829 1.51566 1.50468 1.47248 1.40727 1.47583 1.38386 1.39193 
baidu
0.899721 0.644095 0.651959 0.820642 0.770138 0.708659 0.838722 0.692851 0.791673 0.795308 
0.79029 0.896436 0.87116 0.788625 0.821027 0.846351 0.793697 0.845548 0.806264 0.79937 
0.694734 0.7135 0.717857 0.681667 0.697438 0.708419 0.733825 0.734975 0.725021 0.818797 
0.790136 0.700422 0.619595 0.748993 0.775848 0.717169 0.811872 0.675611 0.800333 0.817983 
bing
0.655943 0.760802 0.775663 0.722876 0.766196 0.783964 0.747817 0.693577 0.813674 0.768925 
0.970851 0.958215 1.04639 0.89126 0.887851 0.883084 0.954965 0.980311 0.981936 0.918052 
0.883224 0.736107 0.813746 0.813272 0.690863 0.702405 0.776894 0.904298 0.79136 0.770573 
0.874412 0.962338 0.951596 0.948188 0.895645 0.900794 0.776585 0.986177 1.00761 0.904355 
ebay
1.36811 1.6062 1.43858 1.33006 1.37323 1.27332 1.41237 1.47474 1.41515 1.43625 
1.50392 1.50535 1.42039 1.37448 1.43717 1.38039 1.43066 1.4209 1.39427 1.4335 
1.30251 1.45738 1.37629 1.229 1.26035 1.31461 1.28973 1.28705 1.34439 1.22495 
1.43281 1.48451 1.31958 1.52133 1.47203 1.37113 1.32616 1.4524 1.41807 1.44645 
google
0.601882 0.60103 0.589465 0.62867 0.565205 0.648411 0.661123 0.69888 0.584991 0.536796 
0.761443 0.59211 0.603746 0.78319 0.640874 0.768758 0.683342 0.732159 0.675923 0.662116 
0.581903 0.680785 0.641625 0.629318 0.709309 0.73052 0.572619 0.626537 0.546205 0.664266 
0.659515 0.643044 0.659956 0.577936 0.708623 0.618363 0.712217 0.65172 0.727383 0.620306 
hao123
3.01415 2.82487 2.68258 2.80002 2.76237 2.84243 2.90922 2.89299 2.74546 2.96549 
5.92545 5.92819 5.76967 5.79306 5.7635 5.93366 6.01213 5.88251 6.03123 5.94485 
1.53471 1.58527 1.67458 1.62873 1.62094 1.7296 1.53416 1.75564 1.8287 1.6684 
1.61322 1.74558 1.77183 1.70242 1.82817 1.63533 1.83177 1.76725 1.72789 1.72262 
qq
1.9378 1.7959 1.65583 1.9169 1.8515 2.00468 1.80492 1.75659 1.68507 1.6601 
2.01668 2.05262 2.00475 1.94131 1.91418 2.08953 2.15916 2.07738 2.16127 1.89642 
1.68385 1.73272 1.59335 1.71263 1.79626 1.56257 1.83639 1.73348 1.76143 1.66876 
1.90819 1.79287 1.81947 1.71977 1.85509 1.83127 2.01215 1.74724 1.7792 1.84067 
sohu
2.35093 1.99569 2.1523 2.32489 2.31641 2.27119 2.24992 2.35969 2.24271 2.18767 
2.33314 2.40688 2.43466 2.49827 2.42685 2.4888 2.59843 2.61387 2.48791 2.64713 
2.13575 2.03939 2.03612 2.1435 2.28157 2.06962 2.13418 2.03899 2.0361 2.0409 
2.20588 2.34406 2.14011 2.24169 2.39765 2.25164 2.13374 2.28438 2.40994 2.30274 
taobao
1.68829 1.1966 1.23295 1.24057 1.50743 1.25038 1.58377 1.4252 1.60496 1.22295 
1.55527 1.69442 1.62459 1.66659 1.68569 1.59535 1.63825 1.68943 1.66125 1.66574 
1.27716 1.21509 1.22103 1.45501 1.23997 1.19877 1.42878 1.30941 1.42435 1.47782 
1.3995 1.28326 1.57972 1.47405 1.41698 1.69039 1.23645 1.41421 1.59516 1.27807 
tmall
1.82674 6.50354 244.918 217.735 238.951 259.684 17.1108 2.05916 3.79471 0 
2.21628 12.5493 220.007 229.39 239.482 266.931 8.62221 2.2916 6.93514 0 
6.16069 9.89047 221.897 234.864 241.401 252.69 4.56405 2.33024 9.91917 0 
6.67605 9.29909 221.451 237.065 261.058 3.61802 2.45833 -56585.4 0 0 
weibo
231.479 218.659 237.976 238.259 238.074 238.3 238.332 238.118 238.209 -58797.7 
222.417 229.384 237.785 237.804 237.685 237.88 238.066 237.965 237.651 -58858.3 
220.326 234.863 238.537 238.805 238.89 239.102 238.804 238.757 238.983 -58917.2 
218.861 237.029 238.669 238.716 238.693 238.728 238.737 238.536 238.562 -58977.7 
wikipedia
0.621988 0.606465 0.512712 0.653945 0.54622 0.625828 0.574034 0.54829 0.531541 0.530817 
0.926751 0.70857 0.668187 0.682027 0.660201 0.745369 0.657975 0.602383 0.600926 0.632023 
0.535607 0.647373 0.673773 0.691959 0.568051 0.647739 0.579338 0.669304 0.727213 0.663651 
0.601844 0.657656 0.623386 0.620946 0.627946 0.637522 0.666972 0.6513 0.647374 0.687069 
yahoo
2.16644 2.06878 2.1455 2.20018 2.14546 2.21014 2.1316 2.03948 2.17718 2.06612 
2.18173 2.27671 2.22946 2.30676 2.33519 2.38215 2.29424 2.21218 2.28352 2.73574 
1.86332 1.88608 1.93538 1.88709 1.92396 1.87491 2.00189 1.7603 1.8074 1.91311 
2.24474 2.13587 2.14682 2.01242 2.2805 2.21516 2.26134 2.13652 2.30802 2.12254 
yandex
0.827316 0.563397 0.585318 0.637486 0.65925 0.600799 0.606491 0.541083 0.676102 0.585182 
0.649797 0.777281 0.71199 0.810931 0.726061 0.700877 0.698248 0.712937 0.72098 0.70353 
0.612159 0.657065 0.619122 0.710683 0.565684 0.618729 0.617413 0.655607 0.686436 0.702094 
0.654174 0.638416 0.67177 0.754213 0.701263 0.675057 0.618367 0.744761 0.703781 0.6388 
youtube
1.35384 1.24834 1.33185 1.20475 1.27859 1.33435 1.15026 1.64819 1.29986 1.21892 
1.34561 1.52099 1.42604 1.51179 1.34692 1.59513 1.4702 1.51282 1.38766 1.53359 
1.25553 1.29656 1.28208 1.24861 1.15878 1.25052 1.22564 1.25281 1.26676 1.18276 
1.34765 1.4668 1.27506 1.3646 1.22106 1.29255 1.49562 1.48811 1.36636 1.49955 
