10
leopard
3.40407 3.35499 3.37632 3.3634 3.35912 3.38997 3.37295 3.30769 3.41971 3.34164 
3.84734 3.92462 3.92244 3.97212 3.89785 3.98856 3.86238 3.92805 3.88581 3.96592 
2.00935 2.12998 2.08183 2.0471 2.14532 2.15371 2.01905 2.11461 2.0596 2.19733 
2.22117 2.22782 2.18296 2.20666 2.20762 2.18432 2.18883 2.17531 2.16055 2.22603 
amazon
2.75504 2.72143 2.66068 2.78281 3.65791 3.01804 2.63897 2.80993 2.58938 3.54749 
3.38973 3.33212 3.44089 3.49058 5.02197 3.36232 3.34156 3.48303 3.27332 3.13289 
2.29497 2.52238 3.28964 2.66121 4.36769 2.61395 3.02983 2.69319 2.49335 2.91329 
2.71582 2.61983 2.59853 2.46473 2.79807 2.53163 2.4031 2.44343 2.73336 2.80496 
baidu
1.56147 1.57372 1.52536 1.49912 1.45108 1.54972 1.61786 1.53432 1.58819 1.55955 
2.06028 2.0609 2.06079 2.07378 2.01987 2.05844 2.08578 2.02529 2.07381 2.08109 
1.08116 1.13386 1.09918 1.10418 1.07472 1.091 1.13179 1.07459 1.01672 1.05657 
1.36685 1.34852 1.36288 1.30058 1.35539 1.26537 1.31213 1.26528 1.34771 1.2496 
bing
1.07039 1.11676 1.13459 1.08695 1.11731 1.16116 1.06144 1.09438 1.05274 1.04529 
1.71688 1.70867 1.71781 1.76487 1.71334 1.73433 1.71753 1.75528 1.68299 1.68847 
1.0727 1.08416 1.05549 1.12992 1.05303 1.07514 1.0267 1.14686 1.18223 1.12598 
1.34527 1.34514 1.38022 1.37644 1.37191 1.28442 1.4705 1.37012 1.33763 1.35801 
ebay
2.51919 2.5346 2.43796 2.60374 2.46837 2.55642 2.54059 2.60869 2.57913 2.56165 
3.24966 3.23683 3.17886 3.24175 3.15974 3.18514 3.19798 3.20498 3.22577 3.242 
2.09762 2.19386 2.13948 2.11674 2.17455 2.11832 2.08769 2.09 2.17987 2.17533 
2.29967 2.18372 2.17185 2.27209 2.10247 2.10211 2.17878 2.15784 2.17333 2.13146 
google
1.18996 1.26786 1.19238 1.32055 1.15171 1.31857 1.19206 1.26123 1.25148 0 
1.59054 1.53066 1.58575 1.54212 1.57794 1.54157 1.63456 1.59981 1.56382 1.57466 
1.04927 1.11363 1.0533 1.07844 1.11811 1.102 1.12329 1.11053 1.04683 1.05903 
1.24933 1.26497 1.28273 1.22449 1.27996 1.2896 1.30467 1.2309 1.23213 1.25178 
hao123
12.5652 12.579 13.7328 12.6372 12.5808 12.5239 12.5487 12.5286 12.6183 12.5845 
24.8369 24.9062 24.9266 25.1976 24.8663 24.9029 24.9823 24.8391 24.9889 24.8173 
2.35497 2.16628 2.22195 2.32876 2.14986 2.2821 2.41198 2.30733 2.41494 2.38746 
2.45969 2.45127 2.43046 2.39088 2.44752 2.45159 2.4559 2.38336 2.45087 2.45961 
qq
4.80139 4.81384 4.81882 4.89787 4.88068 4.83057 4.87898 4.8539 4.80579 4.78517 
5.52483 5.51597 5.53258 5.57257 5.59718 5.622 5.51637 6.46862 5.61909 5.50814 
2.67891 2.60216 2.51296 2.72811 2.72833 2.53041 2.41908 5.70499 2.71665 2.82773 
2.76766 2.8974 2.80366 2.87843 2.88284 2.77741 2.82556 3.03019 2.8773 2.68005 
sohu
5.25091 5.0259 5.21924 5.19638 5.10948 5.1192 5.21299 5.16118 5.14725 5.14399 
5.99729 6.0993 6.06203 5.88092 6.09688 6.0223 6.0303 5.92487 6.02662 5.96829 
2.72138 2.56976 2.53694 2.69689 2.85622 2.75359 3.08178 2.71283 2.50977 2.61143 
3.17823 3.02765 3.4774 2.97509 2.96311 3.21488 3.30652 2.84155 2.97205 2.9214 
taobao
3.26992 3.4098 3.32812 3.33531 3.41078 3.45948 3.42991 3.38795 3.3823 3.29509 
3.84793 3.91893 3.9633 3.97057 3.86814 3.87523 3.91602 4.33182 3.96167 3.98237 
2.92409 2.70749 2.75579 2.55227 2.79133 2.6039 2.75834 2.27475 2.74102 2.40034 
2.61299 2.31635 2.5839 2.21779 2.50608 2.21927 2.22975 2.18814 2.40702 2.19067 
tmall
5.83758 5.98725 5.90119 6.736 6.75941 5.92015 6.32357 7.32009 6.43427 8.32828 
6.5072 6.5297 6.57239 8.81516 7.61711 6.50063 6.84479 8.53402 6.62817 10.4795 
4.08533 4.53223 3.88077 7.96253 4.21031 4.01122 4.78506 4.7219 4.0132 6.80818 
2.9852 3.74395 4.36055 9.82619 3.30938 3.08977 7.19298 4.11989 7.59838 7.80542 
weibo
11.1595 6.92433 6.97998 6.90588 7.00452 6.99746 6.99181 6.98102 6.8706 7.20377 
7.77749 7.59377 7.71134 7.52104 7.82119 7.57499 7.68235 7.79602 7.61666 7.64506 
2.14651 2.06759 2.05509 2.08974 2.20277 2.03208 2.08411 2.19544 2.10475 2.31192 
2.43474 2.33793 2.41748 2.20174 2.34843 2.36626 2.3684 2.58994 2.48438 2.28567 
wikipedia
1.20393 1.15434 1.17697 1.12466 1.20828 1.24988 1.16724 1.10512 1.21269 1.46995 
1.58909 1.57494 1.74548 1.54805 1.70463 1.58113 1.54531 1.60933 1.9671 1.97349 
1.10918 1.14609 1.08381 1.11687 1.12599 1.08764 1.16637 1.16722 1.59066 1.62281 
1.14347 1.02473 1.13343 1.15973 1.16981 1.15379 1.14815 1.13851 1.65575 1.69925 
yahoo
7.68642 6.8728 6.62236 6.59387 6.68108 6.70918 6.64748 6.7076 6.94047 6.65941 
8.53983 7.73835 7.63133 7.48067 8.45077 7.32652 7.27323 7.46165 8.05295 7.50519 
4.3769 3.58902 3.56209 3.38845 4.49082 3.50424 3.54533 3.48519 4.88768 3.4866 
3.16824 3.03929 3.78324 3.17333 3.13873 3.2371 3.16087 3.12667 3.09116 3.19687 
yandex
1.90128 1.83465 1.82043 1.80661 1.79595 1.7178 1.7662 1.79264 1.80441 1.76882 
2.27992 2.24153 2.25644 2.18362 2.23143 2.29678 2.1803 2.26859 2.24275 2.21666 
1.24809 1.18777 1.16482 1.20228 1.16416 1.1767 1.34127 1.21822 1.21094 1.21563 
1.44444 1.41007 1.34142 1.4786 1.41661 1.35804 1.48087 1.40892 1.47768 1.43773 
youtube
2.99965 3.06522 3.0671 3.05947 2.9753 3.02041 3.12965 3.00283 2.98554 3.00491 
3.62779 3.58523 3.72448 3.57174 3.74252 3.71464 3.64878 3.66507 3.69995 3.60691 
2.12274 2.18497 2.17431 2.27328 2.35869 2.17646 2.00662 2.02929 2.13831 2.23484 
2.29082 2.54527 2.35985 2.594 2.23899 2.19742 2.25676 2.2895 2.25905 2.14392 
