5
nb_request
1.82078 1.68383 1.76792 1.64787 1.93164 
2.0729 1.96896 2.09796 1.96385 2.07812 
1.77859 1.80642 1.7759 1.61292 1.78539 
2.04447 1.92408 1.90006 1.83693 1.94314 
nb_request
3.22113 3.00138 3.20724 1.89374 4.19167 
2.42671 2.42133 2.37133 2.4277 2.43922 
1.85204 1.98159 2.00818 1.96292 1.98323 
1.99605 2.00179 2.06956 2.11027 2.08941 
nb_request
3.6922 1.87856 1.90051 2.75669 4.1066 
2.31325 3.23233 3.70104 3.01732 2.61707 
2.0156 2.01609 1.98966 2.00187 1.92764 
2.1404 2.08246 2.05108 2.03777 2.14879 
nb_request
3.38785 1.83286 2.16374 1.74773 3.24089 
2.25329 2.77008 2.76104 2.81417 2.46357 
2.20691 2.02569 2.00581 2.01109 1.88893 
1.99979 2.10991 2.10173 2.17316 2.12286 
nb_request
1.79904 1.86335 2.01664 1.88911 1.99702 
2.30577 2.32689 2.29766 2.35013 2.31823 
2.02415 1.87392 1.90946 1.89263 1.88586 
2.07446 2.02705 2.02205 2.02022 1.99034 
nb_request
1.96277 1.87694 2.03754 1.83836 1.88483 
2.32874 2.63637 2.27788 2.12339 2.31148 
1.92497 1.80726 2.18314 1.91763 1.82954 
2.09654 2.05762 2.06037 2.05899 2.08268 
nb_request
2.02144 2.13803 2.22327 2.11714 2.24633 
2.68205 2.21737 2.32613 2.49181 2.29346 
3.48615 2.4019 2.2453 2.07326 1.96611 
2.53419 2.35445 2.31436 2.08463 2.16872 
nb_request
2.39234 2.27644 2.19368 2.3964 2.26856 
2.17113 2.31535 2.57331 2.12124 2.19913 
1.9908 1.96639 3.0463 2.32987 2.13847 
2.10936 2.08482 2.53655 2.32403 2.16163 
nb_request
2.01603 2.35498 1.91565 2.07934 1.75967 
2.30494 2.21349 2.23091 2.6763 2.66308 
2.14547 2.06995 2.0479 1.92841 2.03928 
2.17143 2.13666 2.14072 2.17658 2.00799 
nb_request
1.7928 1.86094 1.94649 2.05997 1.91259 
2.21221 2.23679 2.20647 2.22569 2.20385 
2.06007 1.91864 1.97197 1.94101 1.90911 
2.02452 2.09394 2.11705 2.05854 2.07831 
nb_request
1.85238 1.92369 1.93783 1.87452 1.87788 
2.80128 2.28866 2.8694 2.31653 2.26099 
3.56238 2.46572 2.23994 2.07407 2.15088 
2.6313 2.44184 2.29705 2.2654 2.16933 
nb_request
2.12636 1.9336 1.72034 1.85589 1.84234 
2.32083 2.16947 2.20076 2.6401 2.12773 
1.96411 2.0045 1.96799 1.9161 1.9672 
2.20731 2.12193 1.99428 2.03963 2.07834 
nb_request
1.70061 1.84575 1.91961 2.15066 2.0966 
2.20209 2.23497 2.17702 2.17074 2.16607 
2.0071 1.96875 1.97575 1.9981 1.97285 
2.18397 2.16143 2.15229 2.15606 2.04127 
nb_request
2.1306 2.16457 2.31709 1.8649 2.10645 
2.16164 2.75908 2.27999 2.17434 2.18987 
2.001 3.42363 2.34083 2.10796 2.13757 
2.0722 2.5987 2.39947 2.2509 2.17731 
nb_request
1.91769 1.90226 1.9405 1.86634 1.89756 
2.27639 2.25292 2.33379 2.28472 2.35367 
1.98253 2.01645 2.35319 2.08386 2.03443 
2.16494 2.11669 2.24648 2.15674 2.11409 
nb_request
1.94812 1.90799 1.91671 1.92443 1.8856 
2.21131 2.30619 2.31699 2.29572 2.28754 
2.00529 1.97376 1.85932 1.91558 1.89176 
2.12168 2.09149 2.03407 2.05997 2.05229 
nb_request
2.03552 2.03293 1.95916 1.93169 1.93364 
2.35876 2.43412 2.49352 2.29549 2.30673 
1.99688 1.93799 2.72949 2.30155 2.09761 
2.13101 2.15133 2.5438 2.26132 2.18203 
nb_request
1.94218 1.84976 1.87119 2.26065 1.92586 
2.33075 2.34367 2.33576 2.41965 2.31484 
1.99701 1.94306 2.87702 2.74747 2.25844 
2.19235 2.0952 2.49422 2.38948 2.32003 
nb_request
2.0263 1.9365 1.91225 1.96321 1.91665 
2.39853 2.33449 2.38203 2.43839 2.27494 
2.75311 2.32037 2.13425 1.98063 2.01851 
2.49961 2.29809 2.16948 2.15409 2.17603 
nb_request
1.87983 1.86885 1.88949 2.03737 1.96221 
2.36695 2.42806 2.42345 2.48526 2.45632 
2.08199 2.0028 1.93441 1.89552 1.90908 
2.1295 2.14772 2.09937 2.02927 2.13266 
nb_request
2.06238 2.07093 1.88588 2.03514 1.85024 
2.47933 2.5016 2.44313 2.47268 2.41487 
1.89014 1.86769 1.85915 1.87772 1.91544 
2.11885 1.9853 2.07949 2.07932 2.08971 
nb_request
1.8703 1.91349 1.92609 1.89543 1.84133 
2.4456 2.45438 2.42313 2.48432 2.40671 
1.90383 1.85933 1.89143 1.82983 1.97215 
2.07251 2.08184 2.08752 2.08522 2.0795 
nb_request
2.02788 2.00864 1.95495 2.08436 1.99232 
2.42264 2.46753 2.47363 2.48855 2.41892 
1.90231 1.91211 1.90538 2.03887 1.90937 
2.07558 2.02062 2.06677 2.07442 2.10246 
nb_request
1.88536 1.87018 2.06379 1.98995 1.88882 
2.38298 2.42692 2.437 2.41387 2.40281 
1.928 1.90312 1.95187 2.10017 1.9874 
1.9823 2.04046 2.03258 2.1655 2.08442 
nb_request
1.89443 2.00386 1.91545 2.00991 1.99762 
2.42041 2.42714 2.52439 2.50426 2.43065 
2.05774 1.95249 1.97068 1.93994 1.98069 
2.12558 2.06009 2.14147 1.99517 2.1079 
nb_request
2.06939 1.98128 1.90239 1.97018 2.04662 
2.52067 2.43562 2.41244 2.44046 2.48328 
1.97337 1.88192 1.8887 1.88063 2.03785 
2.15911 2.13051 2.10729 2.03919 2.19469 
nb_request
2.26801 1.8637 2.01432 2.03381 2.04249 
2.45799 2.42532 2.50135 2.39904 2.49796 
2.04285 1.98029 2.0496 1.99375 2.05957 
2.17807 2.22887 2.17749 2.13833 2.13504 
nb_request
2.04791 2.13356 2.06562 2.05839 2.04779 
2.39671 2.47922 2.4726 2.45065 2.52644 
1.96693 1.96271 1.88936 1.8503 0 
2.12246 2.1279 2.22066 2.10517 2.19701 
nb_request
2.05145 2.01055 2.07197 2.05018 2.07908 
2.70305 2.50784 2.48757 2.47849 2.50125 
3.23371 2.89212 2.33792 2.19988 2.09079 
2.60007 2.5154 2.38602 2.21868 2.20837 
nb_request
1.96003 2.01089 2.09021 2.04571 2.11166 
2.5104 2.52741 2.56685 2.57204 2.6051 
2.02935 2.01616 1.86292 1.88461 2.09633 
2.16745 2.15794 2.09456 2.05929 2.129 
nb_request
2.05092 2.14935 2.26176 1.9936 2.10178 
2.64021 2.66285 2.56204 2.59235 2.53662 
1.89384 1.96203 2.07236 1.95078 1.95979 
2.16245 2.14094 2.139 2.2888 2.19696 
nb_request
2.16764 2.16019 2.11167 2.12177 2.09806 
2.62911 2.66842 2.6637 2.51669 2.54773 
2.00612 1.93102 2.00258 2.0242 1.98069 
2.13981 2.09745 2.16208 2.11131 2.13652 
nb_request
2.13936 2.1227 2.1305 2.19681 2.11659 
2.64639 2.56216 2.57061 2.81789 2.83074 
2.12367 2.08975 1.97906 3.41964 3.32992 
2.32104 2.20868 2.22863 2.67992 2.62899 
nb_request
2.13443 2.13738 2.20183 2.09719 2.21115 
2.57618 2.64649 2.58241 2.67673 2.64525 
2.47685 2.24287 2.14391 2.00978 2.03199 
2.38404 2.26596 2.1657 2.19177 2.18922 
nb_request
2.13439 2.23679 2.19088 2.19014 2.25644 
2.62274 2.72248 2.6978 2.66133 2.78578 
1.98519 2.03431 2.00449 1.90145 2.02507 
2.17519 2.15759 2.25335 2.16319 2.11848 
nb_request
2.32666 2.14461 2.20674 2.13475 2.23352 
2.86099 2.70972 2.67696 2.74262 2.69461 
2.04576 2.01934 1.99674 2.0079 1.90123 
2.15182 2.18772 2.05538 2.14761 2.10423 
nb_request
2.29586 2.30881 2.23787 2.26966 2.29055 
2.83261 2.75182 2.65576 2.77185 2.71674 
1.96182 1.95477 2.01112 1.91453 1.88389 
2.29498 2.03788 2.1291 2.02465 2.06708 
nb_request
2.3154 2.28567 2.25192 2.3018 2.23367 
2.77678 2.70668 2.71314 2.81024 2.7469 
1.95084 1.93183 2.59991 2.28837 2.15941 
2.18682 2.14128 2.41438 2.2766 2.24926 
nb_request
2.27679 2.30956 2.30927 2.27771 2.29565 
2.88739 2.87641 2.81638 2.87202 2.8061 
2.03439 2.04498 1.95197 1.99113 1.99448 
2.18702 2.20621 2.14846 2.18273 2.14353 
nb_request
2.37215 2.2706 2.27261 2.29344 2.26752 
2.80363 2.81112 2.80078 2.88772 2.80201 
1.97509 2.0153 1.93168 1.90603 1.87385 
2.1441 2.01926 2.02723 2.08675 2.0528 
nb_request
2.37654 2.31887 2.36899 2.40646 2.47579 
2.89941 2.85683 2.8274 2.81002 2.8328 
1.99292 2.04142 2.01825 2.06111 2.00158 
2.20789 2.19047 2.14163 2.14946 2.21987 
nb_request
2.34647 2.37317 2.38818 2.39882 2.41512 
2.87531 2.81946 2.85281 2.88349 2.90247 
2.04129 2.02519 2.02532 2.02197 2.00786 
2.17155 2.13908 2.19751 2.18297 2.11063 
nb_request
2.43534 2.45208 2.43645 2.41012 2.41711 
2.90348 2.88237 2.84207 2.83545 2.94888 
1.96601 1.99149 2.00407 2.1391 2.19793 
2.19867 2.16057 2.20193 2.31703 2.17448 
nb_request
2.44061 2.41894 2.46027 2.42209 2.44609 
2.9433 2.92678 3.01623 2.92 2.9624 
2.06771 2.01049 2.07496 1.99189 2.02731 
2.1611 2.17862 2.20135 2.25238 2.19075 
nb_request
2.51941 2.4096 2.45698 2.39605 2.44163 
2.88929 3.0869 2.90757 2.93509 2.98222 
2.04824 1.94188 2.0715 1.9106 1.97791 
2.14877 2.15964 2.16359 2.11694 2.16792 
nb_request
2.39388 2.44406 2.39383 2.43225 2.46433 
3.01675 3.0223 2.97565 3.00497 3.00642 
1.98761 1.86692 1.97275 2.05485 1.93494 
2.18469 2.12615 2.09889 2.22622 2.18894 
nb_request
2.49433 2.46389 2.49617 2.52929 2.53338 
2.97209 3.14893 2.94133 3.02122 2.95657 
2.05574 1.92716 1.99732 2.0505 2.05662 
2.16508 2.14911 2.13572 2.14718 2.14775 
nb_request
2.46924 2.42551 2.60168 2.43619 2.45507 
2.99158 2.9599 3.08631 3.0783 3.02291 
2.02453 2.04358 2.01926 2.0158 2.11717 
2.17847 2.19498 2.22578 2.14651 2.19953 
nb_request
2.45884 2.44534 2.48334 2.41552 2.38796 
2.97338 3.06445 2.9976 2.99695 3.0277 
2.06969 2.34988 2.14318 2.07301 2.09721 
2.30915 2.37436 2.19373 2.14109 2.19303 
nb_request
2.50226 2.51619 2.45966 2.49063 2.49728 
3.00971 3.03102 3.13115 3.12822 3.13449 
2.04217 2.10178 2.01719 1.98855 2.07277 
2.16775 2.15744 2.13811 2.1114 2.21529 
nb_request
2.48201 2.50524 2.52937 2.54351 2.56969 
3.1062 3.04747 3.03148 3.12794 3.07868 
2.01683 1.89237 2.09723 2.12984 1.98256 
2.19909 2.16038 2.28792 2.19913 2.14742 
nb_request
2.51657 2.46258 2.40436 2.44424 2.5027 
2.98497 3.07829 3.00452 3.03552 3.15859 
2.04523 2.03123 1.97225 2.0748 1.99823 
2.16126 2.06961 2.12357 2.11783 2.14486 
nb_request
2.43631 2.54506 2.48007 2.49159 2.55767 
3.02643 3.07171 3.10512 3.05402 3.07569 
2.03479 1.99959 2.00374 1.93857 1.90957 
2.13278 2.26675 2.18557 2.17568 2.12355 
nb_request
2.53479 2.49011 2.37681 2.55772 2.49054 
3.03798 3.11026 3.00597 2.98506 2.96755 
2.05232 2.05369 2.02901 2.07151 2.02875 
2.17563 2.12693 2.15871 2.09149 2.19865 
nb_request
2.49742 2.50294 2.51564 2.50084 2.54117 
3.12064 3.1558 3.02719 3.14614 3.07077 
1.95066 2.04801 1.98784 2.05113 1.99921 
2.27359 2.18524 2.15787 2.23358 2.18139 
nb_request
2.54024 2.54936 2.51466 2.51796 2.56732 
3.08989 3.098 3.15137 3.14705 3.09498 
1.97775 2.11481 2.0623 2.01305 1.94656 
2.25316 2.09579 2.17382 2.15691 2.11423 
nb_request
2.58723 2.54074 2.592 2.46557 2.57557 
3.13365 3.15221 3.11292 3.1604 3.04877 
2.02081 2.21158 1.9314 1.9407 2.03746 
2.13984 2.15035 2.13134 2.17714 2.2503 
nb_request
2.53347 2.48792 2.56722 2.53021 2.53535 
3.05286 3.06276 3.12814 3.14229 3.1115 
2.11082 2.00471 2.00329 2.01412 2.00195 
2.20894 2.27905 2.28105 2.14697 2.14125 
nb_request
2.57664 2.45782 2.55969 2.5708 2.56514 
3.15333 3.07406 3.13272 3.1049 3.13899 
2.08161 2.07933 1.94099 1.96674 1.99448 
2.14827 2.1818 2.22611 2.16374 2.26729 
nb_request
2.44814 2.48115 2.42535 2.45161 2.52243 
3.05983 3.00502 3.0893 3.06488 2.98423 
2.04454 2.08538 1.99259 1.93469 2.00541 
2.29205 2.177 2.17426 2.10271 2.1932 
nb_request
2.54923 2.50461 2.59144 2.56746 2.43579 
3.02597 3.0121 3.00797 3.06804 3.01448 
1.98466 2.05943 2.00989 2.08166 2.0192 
2.08668 2.14564 2.16462 2.11997 2.14022 
nb_request
2.54498 2.53737 2.64637 2.61043 2.5155 
3.05467 3.12174 3.06942 3.01772 3.04765 
1.95265 1.91998 2.0501 1.95235 1.97964 
2.13994 2.15954 2.22367 2.18335 2.16496 
nb_request
2.57885 2.50841 2.51179 2.55247 2.59008 
3.04971 3.09958 3.10711 3.10718 3.03239 
1.99226 2.06947 2.01712 1.91397 2.02321 
2.09727 2.19365 2.15617 2.14317 2.1512 
nb_request
2.57205 2.53889 2.58241 2.55273 2.52335 
3.16082 3.09595 3.19018 3.15241 3.1604 
1.983 2.02024 2.02311 1.97216 1.93281 
2.21032 2.16409 2.1984 2.33856 2.08787 
nb_request
2.60681 2.63603 2.63511 2.5051 2.52215 
3.12364 3.15613 3.21532 3.15474 3.16935 
2.02216 2.08852 1.99082 2.0113 1.98835 
2.17227 2.19116 2.14494 2.16663 2.18598 
nb_request
2.60516 2.57665 2.5819 2.5612 2.59862 
3.15078 3.14999 3.17227 3.05693 3.0631 
1.96145 2.27231 2.2173 2.174 2.10333 
2.13114 2.31797 2.3086 2.14108 2.21332 
nb_request
2.68897 2.54539 2.63302 2.59492 2.59514 
3.05881 3.0862 3.08814 3.17668 3.19119 
2.04174 2.02935 2.11095 2.00371 2.05061 
2.14987 2.26925 2.13956 2.19617 2.1837 
nb_request
2.62949 2.64843 2.68046 2.62964 2.709 
3.16988 3.07914 3.26249 3.11349 3.16656 
1.95202 1.94364 2.05461 1.90407 1.94128 
2.29744 2.24231 2.20189 2.0935 2.1781 
nb_request
2.75838 2.71654 2.66477 2.67896 2.69949 
3.17062 3.2553 3.16884 3.12772 3.05478 
1.9079 2.00388 2.03695 2.13225 1.98307 
2.16611 2.1252 2.2388 2.26356 2.20883 
nb_request
2.69121 2.67223 2.69168 2.709 2.71294 
3.2661 3.27676 3.31269 3.32163 3.22011 
2.0853 2.01462 2.04415 2.02068 2.02791 
2.19239 2.19764 2.30623 2.24504 2.16204 
nb_request
2.70514 2.70275 2.77006 2.68362 2.68243 
3.21777 3.21095 3.22972 3.24662 3.29362 
2.06206 2.02238 1.97183 2.10741 1.97649 
2.18556 2.19414 2.12933 2.14301 2.19833 
nb_request
2.73642 2.77108 2.59862 2.75251 2.72992 
3.30387 3.22703 3.18571 3.25495 3.35338 
2.03071 2.09058 2.10153 2.13211 2.14103 
2.14586 2.20436 2.17474 2.35586 2.25966 
nb_request
2.7431 2.74853 2.77014 2.78104 2.74131 
3.27647 3.42781 3.34088 3.33281 3.33581 
2.01024 2.1183 2.04476 2.0545 2.02572 
2.27969 2.1792 2.33817 2.20699 2.27546 
nb_request
2.74384 2.74916 2.78001 2.79618 2.80065 
3.32798 3.30594 3.31834 3.30626 3.39934 
2.01314 2.01643 2.04949 2.0051 2.02225 
2.12807 2.20647 2.32618 2.27879 2.08057 
nb_request
2.84069 2.82317 2.81469 2.85059 2.84152 
3.3356 3.41067 3.42646 3.3878 3.35389 
2.14407 2.02259 2.06664 1.99874 1.96919 
2.18976 2.20764 2.22271 2.24671 2.15188 
nb_request
2.79943 2.79413 2.86577 2.85269 2.85222 
3.31221 3.28771 3.39939 3.38168 3.42471 
2.01 2.01509 2.02047 1.99503 2.06103 
2.1506 2.24806 2.24096 2.22818 2.23721 
nb_request
2.77333 2.95086 2.83563 2.96419 2.78565 
3.49335 3.42732 3.35547 3.34872 3.38352 
2.04021 2.03305 2.09112 2.05002 2.05235 
2.23594 2.62679 2.42671 2.22997 2.18383 
nb_request
2.90822 2.90013 2.86128 2.82707 2.81675 
3.41282 3.37499 3.44074 3.32268 3.46488 
1.96315 1.93895 2.02655 1.97761 2.19257 
2.16764 2.219 2.35255 2.23528 2.19435 
nb_request
2.86585 2.83653 2.82786 2.91826 2.87678 
3.49213 3.49714 3.52293 3.43081 3.35479 
2.04714 1.97122 2.15048 2.03163 2.00424 
2.20724 2.27386 2.36938 2.12636 2.16359 
nb_request
2.85806 2.91562 2.93344 2.97162 2.89898 
3.36744 3.65595 3.43274 3.50593 3.71926 
1.97369 1.88943 2.03685 1.94168 1.93504 
2.14522 2.11586 2.11784 2.12005 2.06655 
nb_request
3.01286 2.88224 2.91147 2.85708 2.96702 
3.46435 3.41253 3.44074 3.54643 3.46744 
1.95535 2.03832 2.06169 2.08515 2.09756 
2.09435 2.28299 2.38312 2.40457 2.23938 
nb_request
3.02231 2.93085 2.96868 2.90381 2.96624 
3.43803 3.67426 3.49956 3.55583 3.53139 
2.04224 2.06308 2.02392 2.05382 1.98069 
2.65742 2.22242 2.22876 2.1326 2.22607 
nb_request
2.97877 2.97068 2.97304 2.99025 2.94061 
3.53392 3.63001 3.56653 3.50092 3.47633 
2.16539 2.00434 2.04158 2.06978 2.08129 
2.20736 2.24553 2.13053 2.23096 2.15689 
nb_request
2.89896 2.92659 3.00598 2.99075 3.04262 
3.47071 3.53128 3.52337 3.604 3.63976 
2.06808 2.11333 2.04563 1.97211 2.06439 
2.16458 2.32 2.22118 2.23006 2.16388 
nb_request
2.9707 2.96654 3.03346 3.01194 3.02426 
3.59122 3.60965 3.59084 3.55477 3.59408 
2.03065 1.94762 1.98258 1.97002 1.98801 
2.17198 2.16622 2.16166 2.11383 2.20331 
nb_request
2.96021 3.0608 2.99693 3.03346 3.04699 
3.56381 3.62233 3.61593 3.48915 3.57432 
2.0393 2.12794 2.01573 2.04147 2.01219 
2.1997 2.24413 2.3269 2.20531 2.22052 
nb_request
3.1181 3.04283 3.15252 3.04162 3.06205 
3.5942 3.62402 3.5244 3.60915 3.5059 
2.0299 2.02756 2.08034 2.0859 2.05983 
2.27225 2.23224 2.31781 2.19863 2.24466 
nb_request
3.04186 3.00821 2.99875 3.09375 3.09443 
3.64943 3.60029 3.66427 3.60396 3.59276 
1.96634 2.07268 2.01522 2.02794 2.04505 
2.317 2.28649 2.22275 2.46153 2.2152 
nb_request
3.17462 3.04937 3.11878 3.10692 3.18679 
3.64568 3.59012 3.73391 3.64583 3.674 
2.05637 2.05966 2.05323 2.12922 2.0635 
2.22965 2.25194 2.25207 2.17287 2.15184 
nb_request
3.09782 3.12464 3.15983 3.13269 3.16541 
3.72216 3.62558 3.69847 3.59993 3.77403 
2.12675 2.1537 2.1331 2.14407 2.07341 
2.16412 2.27695 2.35106 2.18093 2.31578 
nb_request
3.11357 3.16843 3.24013 3.19012 3.18148 
3.76602 3.68263 3.68863 3.7829 3.72484 
2.09021 2.02371 2.01412 2.04895 1.97936 
2.22076 2.25239 2.34375 2.19359 2.14395 
nb_request
3.22282 3.16969 3.18607 3.22401 3.24436 
3.74478 3.82773 3.73302 3.75944 3.7005 
2.02053 2.05862 2.0222 1.98742 2.13919 
2.26852 2.20964 2.19214 2.30995 2.20577 
nb_request
3.21631 3.21439 3.23356 3.19526 3.16346 
3.69548 3.69846 3.69951 3.6214 3.74218 
2.11721 2.13763 1.99588 1.97029 2.09879 
2.14344 2.28351 2.30733 2.18951 2.24802 
nb_request
3.33968 3.19316 3.34217 3.23049 3.15724 
3.85268 3.92417 3.75576 3.73628 3.86866 
2.05652 2.0864 2.087 2.09396 2.16291 
2.13166 2.33473 2.25046 2.1928 2.19403 
nb_request
3.28465 3.24108 3.17704 3.29316 3.59804 
3.71777 3.71046 3.82307 3.81442 4.06732 
2.09157 2.07048 2.15338 2.01937 6.67347 
2.17463 2.42458 2.2639 2.34781 5.91507 
nb_request
3.48732 3.44888 3.38301 3.21451 3.19245 
3.88872 4.26923 3.84534 3.82154 3.96708 
4.11919 6.86655 3.81699 3.29481 2.63853 
2.84905 3.90609 2.89632 2.88766 2.63577 
nb_request
3.25491 3.21378 3.25853 3.32057 3.26221 
3.9875 3.88504 3.90389 3.96215 3.79651 
2.38474 4.06561 6.63267 3.67785 2.62425 
3.92865 7.08037 3.79997 2.84314 3.91152 
nb_request
3.25309 3.46604 3.36901 3.31571 3.21604 
3.93449 3.81448 3.83552 3.93295 3.87887 
2.35771 2.18224 2.15309 2.0582 2.09404 
2.41234 2.33676 2.30264 2.23194 2.19031 
nb_request
3.34977 3.36861 3.24696 3.22218 3.34443 
3.83197 3.90248 3.95623 3.97267 3.8604 
2.05246 2.1291 2.21503 2.21328 2.1706 
2.22978 2.20384 2.35731 2.37057 2.32874 
nb_request
3.29234 3.40374 3.24087 3.4325 3.46541 
3.90485 3.9785 3.97207 3.98149 3.88257 
2.25304 2.0645 2.19407 2.2464 0 
2.22066 2.31918 2.31507 2.39282 2.3169 
