10
leopard
2.24223 2.24896 2.08401 2.17394 2.19779 2.2596 2.2698 2.24835 2.17786 2.28312 
2.63129 2.68394 2.64986 2.62628 2.56895 2.6739 2.7614 2.59639 2.64178 2.60597 
1.47426 1.34136 1.39933 1.50364 1.43272 1.36236 1.37942 1.43135 1.39077 1.39513 
1.56608 1.57254 1.56177 1.58191 1.58453 1.48076 1.50552 1.48593 1.46025 1.44816 
amazon
1.8485 1.82224 1.76622 1.69911 2.08338 1.76817 1.76887 1.80073 1.78283 1.77023 
2.01049 2.30555 2.21269 2.63425 2.33414 2.06712 2.15808 2.45238 2.1607 2.15666 
1.66802 1.75975 1.80656 1.75922 1.80707 1.72301 1.78046 1.64588 1.66649 1.72093 
1.92005 1.88478 1.75236 1.79319 1.86449 1.94698 1.78752 1.93642 1.84381 1.90148 
baidu
0.989033 1.05771 1.04858 1.06375 1.03359 1.08044 1.08201 0.974404 1.05324 1.04399 
1.33958 1.3451 1.32752 1.38664 1.35958 1.34898 1.3416 1.42681 1.3984 1.32199 
0.773049 0.80963 0.816688 0.991705 0.854454 0.811088 0.779581 0.861647 0.856732 0.919271 
0.918721 0.954993 0.933213 1.05172 1.03332 0.962414 0.87523 0.953174 0.875811 0.893812 
bing
0.876023 0.911652 0.829658 0.950739 0.865045 0.809717 1.00615 0.972449 0.94793 0.950867 
1.22039 1.21404 1.1782 1.20164 1.23104 1.19316 1.1952 1.18966 1.20169 1.17614 
0.854655 0.926527 0.953511 0.906291 0.901428 0.942933 0.807178 0.910614 0.786557 0.876558 
1.12313 1.11022 1.04211 1.06184 1.07598 1.16542 1.15196 1.20403 1.1894 1.14895 
ebay
1.72787 1.63202 1.68711 1.61743 2.06727 1.7191 1.75793 1.65708 1.68574 1.70688 
2.28647 2.06157 2.04799 2.05504 2.15809 2.07775 2.05817 2.15267 2.04586 2.01075 
1.53408 1.54135 1.59717 1.52042 1.6425 1.58877 1.63789 1.63041 1.59874 1.56449 
1.64128 1.84518 1.81916 1.73053 1.64427 1.77716 1.8404 1.83203 1.84805 1.77242 
google
0.936125 0.902294 0.90372 0.925315 0.886435 0.910307 0.850742 0.893351 0.958124 0.861566 
1.11921 1.14501 1.15396 1.07298 1.07699 1.1032 1.11625 1.07094 1.16304 0 
0.723502 0.736789 0.743784 0.720906 0.730552 0.683884 0.691951 0.669089 0.76089 0.694638 
0.854065 0.868127 0.90027 0.8624 0.809265 0.797008 0.890429 0.771434 0.801555 0.86011 
hao123
7.69005 7.67034 7.67921 7.68951 7.67895 7.85717 7.64255 7.67005 7.6843 8.24322 
15.2522 15.2113 15.1644 15.1881 15.1534 15.2224 15.8807 15.2055 15.2674 15.2141 
1.88703 1.957 1.87882 1.78718 1.87161 1.99388 1.83795 1.88295 1.77313 1.79945 
2.02903 2.00419 2.00783 1.91962 2.03981 1.97779 2.01472 1.91876 2.07009 2.21182 
qq
3.11418 3.05204 3.16147 3.13843 3.0735 3.09063 3.10079 2.99509 3.14879 3.05456 
3.72816 3.64336 3.82502 3.71506 3.73238 3.67501 3.6218 3.6658 3.81926 3.57097 
2.12027 1.99503 2.18293 1.95977 1.9333 1.95345 1.89853 1.985 2.0159 1.99111 
2.27528 2.30527 2.29498 2.27325 2.31193 2.16917 2.31886 2.24356 2.31556 2.3835 
sohu
3.29212 3.37271 3.24446 3.41673 3.27307 3.461 3.36589 3.50509 3.47572 3.43646 
3.86492 3.80593 3.78622 3.87076 3.79876 3.96254 3.8314 3.93439 4.1196 3.84654 
2.48696 2.34477 2.25978 2.34737 2.26007 4.30056 4.02793 3.6259 3.00308 2.44196 
2.56467 2.63792 2.56203 2.61929 2.99466 5.37355 4.89386 4.56716 2.72127 2.8219 
taobao
2.17385 2.32753 2.26289 2.05321 2.13777 2.13069 2.22422 2.16362 2.35422 2.28632 
2.72978 2.45988 2.47866 2.72361 2.49809 2.59078 2.70437 2.40439 2.5774 2.5108 
2.08547 2.14327 2.29466 2.89902 2.22907 1.95979 2.56409 2.61911 2.00937 1.83473 
2.02454 1.95057 1.94189 3.31541 1.90016 2.60812 2.40169 2.28798 1.87052 1.74728 
tmall
3.73696 4.1497 4.49175 222.565 236.997 233.676 233.799 235.117 234.041 -94912.8 
4.38625 4.4507 9.14416 23.4823 4.38617 7.86279 13.3147 5.72437 6.47673 5.29529 
2.81337 2.92438 22.888 9.55385 3.45906 6.03789 5.32504 5.81863 6.99943 4.84769 
2.91504 3.21726 221.612 233.876 233.532 232.594 235.122 232.43 236.926 -95096.1 
weibo
7.21755 222.305 234.414 235.608 235.43 235.439 235.417 235.728 235.714 -97320.3 
18.1006 23.1717 5.20743 5.12737 5.20223 5.08512 5.04689 4.96906 5.27681 5.14013 
228.339 226.386 238.282 238.312 235.171 236.34 237.398 238.139 238.584 -97437.5 
223.447 235.132 238.26 235.399 235.789 236.333 237.943 238.101 238.356 -97497.6 
wikipedia
0.804184 0.83295 0.74633 0.741201 0.853803 0.87948 0.865066 0.920322 0.867688 0.894278 
1.09061 1.10256 1.09493 1.02311 1.19044 1.09153 1.11712 1.07219 1.04939 1.08082 
0.982621 0.931127 0.897838 0.868095 0.830465 0.91999 0.944607 0.927538 0.852839 0.882928 
0.809253 0.880532 0.90165 0.872479 0.94765 0.826191 0.832111 0.897513 0.896435 0.823448 
yahoo
4.51432 4.23149 4.3455 4.51162 4.59646 4.75869 4.42468 5.09825 4.59325 4.45206 
4.66407 4.8179 4.94933 5.0781 5.64718 5.26711 5.44042 5.83342 5.29379 5.98024 
3.01301 6.76857 7.16846 4.82276 5.86362 6.47108 8.36084 5.97961 4.06314 8.68003 
6.63384 5.44467 2.44533 7.19656 7.73532 5.15755 6.52085 7.02961 4.83491 5.19944 
yandex
1.00283 0.986384 1.2678 0.969681 1.26245 1.33274 1.31155 1.32178 1.25963 1.23184 
1.13552 1.64921 1.72653 1.66841 1.90549 1.36666 1.43355 1.24514 1.29558 1.18502 
1.11385 1.06337 1.15881 1.07475 1.30915 1.0741 1.13419 1.05201 0.983348 1.06156 
1.01166 1.0733 1.11047 1.03566 1.1768 1.17908 1.08441 1.23522 1.273 1.15361 
youtube
2.18998 1.99812 1.92515 2.05622 1.96244 1.9436 2.05004 1.98295 1.9093 1.96226 
2.51638 2.47211 2.33737 2.60853 2.44828 2.64005 2.56266 2.39305 2.36578 2.37867 
2.32432 1.74876 3.47429 1.6428 1.55588 3.90757 1.90641 1.49227 1.70201 1.54581 
2.04255 1.72439 1.74452 1.82112 1.62986 2.41923 1.68582 1.61242 1.77949 1.69695 
