10
leopard
2.34041 2.21077 2.32069 2.40268 2.38432 2.27343 2.39686 2.32878 2.32345 2.3015 
2.69624 2.69234 2.6649 2.80665 2.6779 2.85342 3.03966 2.74057 2.6067 3.17688 
1.54437 1.45217 1.41638 2.97599 1.87173 3.97999 3.06735 2.01039 1.89308 3.21276 
1.58639 1.60483 1.63615 2.05897 2.061 3.89868 2.11173 2.05879 2.45713 2.24225 
amazon
1.81139 2.43034 2.24291 1.86447 2.00835 2.12056 2.2503 2.34054 2.23118 1.96435 
2.43885 2.5737 2.58463 2.27982 2.7475 2.63306 2.72801 3.07167 2.85239 2.47188 
4.43259 3.72638 3.23763 3.5159 2.92959 3.82804 2.81271 3.01509 4.18764 5.50592 
4.45771 3.48162 2.38904 4.06578 3.92579 2.57739 2.48403 4.98801 4.44962 4.93397 
baidu
0.986593 1.28314 1.13412 1.07247 1.33619 1.05613 1.09369 0.998177 0.97591 1.05531 
1.38765 1.33763 1.38459 1.36635 1.64422 1.58129 1.51234 1.50433 1.45127 1.42032 
0.971261 0.963377 0.910294 1.81224 1.30544 1.13829 1.01413 1.05997 0.96495 1.01688 
1.13433 1.20042 1.10699 1.55278 1.3332 1.25204 1.20547 1.11157 1.19369 1.13774 
bing
1.06956 0.876577 0.93973 0.868269 0.887226 0.915328 0.865232 0.934148 0.980009 0.883116 
1.30789 1.16688 1.19663 1.26798 1.1378 1.18671 1.25371 1.30578 1.15249 1.23584 
0.844412 0.941417 0.848855 0.972594 0.849226 0.95647 0.937022 0.938715 0.924019 0.984734 
1.10937 1.09277 1.0226 1.06552 1.20968 1.02385 1.15347 1.11157 1.0722 1.11762 
ebay
1.79654 1.69488 1.66903 1.64985 1.71847 1.70023 1.64807 1.78919 1.65648 1.69593 
2.04014 2.13545 2.06823 2.12764 2.04915 2.04071 2.06571 2.14496 2.04517 2.0498 
1.81653 1.60228 1.80007 1.6746 1.71589 1.86966 1.7564 1.76448 1.81185 1.70769 
1.84457 1.82819 1.8298 1.76061 1.91664 1.8158 1.83779 1.80443 1.85173 1.78391 
google
0.955259 0.920376 0.923222 0.989601 0.980253 0.936797 0.890579 0.911586 0.938604 0.953415 
1.05666 1.12706 1.07347 1.12736 1.04019 1.05065 1.19479 1.14377 1.06462 1.09952 
0.735697 0.756334 0.75047 0.752679 0.723738 0.744322 0.666766 0.698173 0.682079 0.684249 
0.835968 1.02156 1.01986 0.876552 0.801199 0.865148 0.806965 0.890409 0.817194 0.880223 
hao123
7.58179 7.56542 7.61097 7.56973 7.58934 7.63151 7.55965 7.51871 7.56714 7.65777 
15.1835 15.2485 15.2161 15.2259 15.2731 15.1602 15.2499 15.1982 15.2345 15.3139 
1.96985 2.02385 2.04053 2.03997 1.94996 2.00797 1.88898 1.90704 1.95507 2.04126 
2.12534 2.13286 2.10951 2.05776 1.97001 1.98553 2.22439 2.06577 2.09911 2.13806 
qq
3.08211 3.12592 3.12162 3.08881 3.11049 3.00479 2.97214 3.08188 3.11348 3.11488 
3.67537 3.72604 3.58838 3.66163 3.60275 3.7237 3.71903 3.69355 3.56702 3.61514 
2.14403 2.03959 2.06812 2.06267 2.03066 2.19418 2.03868 1.92512 2.06665 1.97863 
2.29336 2.32919 2.35762 2.24906 2.31214 2.39449 2.26616 2.35746 2.38617 2.36066 
sohu
3.28599 3.22377 3.2074 3.18274 3.21351 3.25476 3.28765 3.18623 3.2352 3.16004 
3.82433 3.77864 3.84238 3.77701 3.80017 3.75327 3.95808 3.82016 3.81714 0 
2.16327 2.37744 2.48918 2.52349 2.31405 2.30238 2.49711 2.42417 2.25962 2.40269 
2.58769 2.74088 2.52335 2.62584 2.55713 2.53477 2.76937 2.48875 2.91604 2.42896 
taobao
2.10194 2.43931 2.19228 2.13016 2.14753 2.15072 2.10496 2.27445 2.05875 2.25774 
2.47908 2.53244 2.42604 2.47191 2.5 2.47755 2.52363 2.49539 2.49314 2.45214 
1.70898 1.8762 1.78974 1.64464 1.87961 1.65453 1.60887 1.81173 1.74346 1.69954 
1.84219 1.7747 1.89614 1.83962 1.80868 1.79676 1.77718 1.85179 2.00091 1.8075 
tmall
3.85655 3.8948 3.71313 7.79808 3.95754 3.7228 4.33249 8.32291 3.62149 3.74497 
4.28167 4.35579 4.63528 9.87525 4.31183 4.41832 7.77054 5.91528 4.36979 4.47521 
2.86068 2.56203 2.80708 7.59946 2.73585 2.71602 10.8435 2.99153 2.52384 3.77746 
2.68636 2.51492 5.77085 5.00235 2.54838 3.01238 13.3759 2.50214 2.98397 7.07137 
weibo
12.815 6.18896 4.53164 4.55294 4.49422 4.29738 4.47943 4.46568 4.51477 4.43576 
28.1804 5.93961 5.42331 4.92995 5.0128 4.75318 4.78724 4.76563 4.93991 5.2871 
15.9137 1.98879 1.75197 1.85992 1.73605 1.79182 1.58625 1.73058 1.69745 1.81951 
8.51114 1.99004 2.05269 1.90028 1.9897 2.0357 1.98039 1.8801 1.9942 1.82203 
wikipedia
0.94931 0.970481 0.77673 0.752341 0.75918 0.754364 0.790316 0.817623 0.792351 0.825256 
1.15836 1.14984 1.08511 1.11582 1.16311 1.10702 1.18975 1.16129 1.09733 1.16472 
0.860902 0.828764 0.885291 0.928123 0.889259 0.868122 0.88488 0.93828 0.943556 0.865103 
0.855092 0.866714 0.881765 0.87436 0.832703 0.878937 0.861537 0.921842 0.879416 0.8929 
yahoo
4.14979 4.21523 4.11213 4.10985 4.06656 4.09346 4.10072 4.10741 4.47846 4.25418 
4.68253 5.41652 4.93437 4.6219 4.63741 4.65777 4.57244 4.73902 4.83698 4.70119 
2.38414 3.06497 2.48455 2.39303 2.3529 2.67857 2.7547 2.41046 2.30491 2.37879 
2.63916 2.66124 2.51688 2.43564 2.63543 2.50792 2.47999 2.42817 2.43267 2.66232 
yandex
1.37713 1.11917 1.20624 1.23893 1.21709 1.15813 1.17858 1.14818 1.1811 1.10995 
1.48659 1.49726 1.44737 1.48555 1.45273 1.3985 1.49955 1.49886 1.46117 1.43445 
0.898875 0.892444 0.846492 0.961471 0.823567 0.923056 0.943284 0.981131 0.872351 0.84764 
0.948767 1.02384 0.973163 1.03774 1.0316 0.967744 1.01797 0.982552 0.96514 0.982884 
youtube
1.89315 1.90836 1.93446 1.94587 1.97084 1.9508 2.00813 1.96214 1.94735 1.92886 
2.32341 2.36412 2.35359 2.48096 2.30909 2.37685 2.29691 2.27367 2.38 2.37244 
1.41829 1.48277 1.42256 1.55314 1.61539 1.64852 1.51406 1.68043 1.53222 1.47275 
1.63896 1.77783 1.65695 1.89722 1.70397 1.70281 1.72861 1.7378 1.92073 1.70573 
