10
leopard
8.63554 4.02952 3.76306 3.64876 4.67853 3.5728 4.56319 4.34936 3.56391 3.52005 
5.34254 4.70668 4.85276 4.15642 5.19837 3.72692 4.83595 4.39997 5.41436 4.14942 
6.73514 4.41011 4.25156 4.36223 4.41474 3.1081 6.87603 4.5578 2.89288 2.67407 
3.40455 2.72796 3.06241 3.4616 3.04163 2.81793 5.19161 2.70667 2.76027 2.26334 
amazon
3.027 3.17353 3.93189 3.41761 3.20626 2.65498 4.1714 2.68021 3.37354 3.71758 
3.81747 5.38063 4.86286 3.72251 3.78868 3.89288 3.68864 3.68415 4.02227 3.61832 
2.46339 2.89018 2.43874 4.94941 4.05636 2.49792 3.4747 2.47435 3.43704 3.04118 
2.41549 2.66683 2.40437 4.08796 10.9192 2.42932 3.4652 4.9811 9.36392 3.16893 
baidu
1.46616 1.57532 1.54533 1.72053 1.45695 1.74777 2.02738 1.42412 1.80719 2.78522 
2.29657 2.55253 2.7633 2.23486 2.77662 2.39298 2.25121 2.02047 3.01255 2.41131 
1.43764 1.33687 1.92697 1.83034 1.43508 2.09897 1.52984 1.56671 1.23657 1.51032 
1.72641 2.05662 1.92886 1.63878 1.52278 2.89539 2.54017 1.45139 1.41623 1.85101 
bing
1.02296 1.01647 1.08769 1.20207 1.45506 1.53912 1.54934 0.999139 1.19423 1.42589 
2.003 2.52114 1.5662 2.84479 3.25119 2.05082 2.23471 1.53673 2.07233 1.82404 
1.07699 1.00278 1.3232 1.13476 1.32843 1.79499 0.960586 1.07165 1.0004 1.13343 
1.86073 1.17122 1.33318 1.54896 1.71107 1.93165 2.07563 1.5886 1.55331 1.95256 
ebay
2.69379 3.74434 3.01283 3.43671 3.17286 2.65895 3.70522 2.64622 3.04909 3.18286 
3.849 4.7531 3.68061 3.81071 4.44307 3.39825 3.68465 3.41867 3.72997 4.84569 
4.07406 3.31542 2.97545 3.82087 3.24521 3.37026 3.48944 3.35066 3.28452 2.64467 
2.1542 2.88465 2.35457 3.95633 4.97801 2.38025 4.20212 2.28849 2.34222 2.54531 
google
0.966565 1.0635 1.12647 1.18508 1.2621 1.26266 1.54645 1.45366 1.23902 2.70277 
1.3473 1.57476 2.31402 1.49075 2.06932 3.55348 1.84658 1.53248 1.91013 1.87458 
1.07979 1.00944 1.72712 1.25743 1.32213 1.23914 1.66755 1.87404 2.17695 1.55467 
1.51753 1.57227 1.35958 1.78873 2.00002 1.40246 1.30781 1.41543 1.84702 1.77167 
hao123
20.7012 20.8338 19.5645 18.6284 19.0162 18.5105 18.7469 20.139 18.3747 17.9631 
35.2973 36.6669 34.3158 33.8037 34.4243 34.5242 33.674 34.2001 33.1944 35.7335 
3.59866 3.32715 6.59228 5.66488 3.60827 3.85923 7.15823 6.55192 4.30669 7.60133 
5.22797 5.24602 4.1982 4.80758 2.73519 5.97176 4.98356 3.97492 3.75669 5.04955 
qq
6.26492 5.5813 5.67131 6.36905 7.03035 6.37139 6.03744 6.57226 6.04998 5.90009 
7.09302 7.51229 8.31289 7.59867 6.89156 6.3207 6.81765 7.8032 8.11487 7.18771 
5.43633 5.85556 6.06713 5.51725 5.43439 5.21879 5.3714 5.47899 5.32409 5.41354 
4.62159 3.21316 3.75011 5.70229 3.66385 2.97553 4.80749 3.11234 3.09248 3.05543 
sohu
6.58307 6.86456 6.8355 6.26432 6.2056 7.42802 7.23555 6.76529 7.06284 5.80994 
7.62454 8.56803 8.2375 7.27182 7.76538 6.93037 9.94343 8.14791 7.81131 7.30622 
4.78978 5.24509 4.14202 3.81137 4.3483 4.90056 4.70473 4.46838 4.56329 4.65049 
3.58041 3.59751 4.40881 4.2869 5.07993 4.26212 3.62899 4.01252 3.81026 6.91464 
taobao
4.92564 5.56016 3.29611 3.69537 4.9111 5.25608 4.50508 4.82148 4.12053 4.17384 
5.34305 5.44758 4.90768 5.9968 4.7244 4.70777 5.97472 4.80198 4.80977 6.96518 
4.04985 4.74071 2.58549 4.77643 4.1677 4.87544 5.23758 2.59348 8.0457 5.14768 
3.11223 2.65397 2.27047 2.51946 3.24606 2.46202 2.46771 2.35965 2.85162 2.82737 
tmall
7.23991 7.83434 9.09417 36.8482 7.81139 7.02751 8.88261 25.7582 7.14865 7.01771 
9.16749 7.50341 11.8299 18.9311 9.86821 8.47754 11.9478 14.0781 8.67996 9.25958 
4.1584 3.97181 18.4508 7.46306 5.98512 6.58959 233.338 231.154 235.692 -203196 
2.94462 3.3651 223.858 234.047 237.85 257.018 9.26307 9.55899 5.03948 0 
weibo
10.8679 21.7366 8.66885 8.9787 8.25168 8.5521 8.21384 8.01461 8.50011 8.94603 
18.1652 12.2075 10.5885 9.35745 9.62745 10.1035 9.27581 9.78001 9.85946 9.53659 
225.214 233.683 235.51 233.306 235.297 235.301 235.56 235.206 235.85 -205601 
222.576 236.763 235.87 235.971 236.206 237.332 237.351 236.932 237.422 -205660 
wikipedia
1.16508 1.02268 0.946048 1.07537 1.45175 3.80241 1.36636 1.27518 1.26837 1.42142 
1.47954 1.91104 1.38871 2.02433 2.21157 2.11548 1.91691 2.11748 2.39201 1.68227 
1.34035 1.00319 1.22923 1.31847 1.83063 1.46337 1.52656 1.59069 2.2453 1.54701 
1.73513 1.73939 2.66446 1.8638 2.17699 1.54033 1.52953 1.61126 1.76333 1.81618 
yahoo
9.25867 7.89135 9.06152 8.36665 8.98647 9.4963 8.29839 7.7681 7.84608 7.87864 
9.81966 9.28142 10.3363 10.3711 11.054 9.80928 9.28521 10.0581 10.5436 10.2359 
6.65104 6.02945 4.38775 5.36105 6.89681 8.84034 6.72632 5.71316 5.95779 6.54077 
4.8335 6.33811 6.38084 4.0697 3.86219 4.24215 5.63015 4.61215 5.58859 7.7687 
yandex
4.453 1.96695 2.01456 2.62104 1.95609 1.96222 2.02912 2.39109 2.35768 1.92371 
3.14256 1.6932 2.41087 1.6574 1.68976 1.56937 1.70821 2.62105 2.06207 3.30472 
1.72818 1.70069 1.4169 1.74514 1.66928 1.78451 1.7158 1.58706 1.42385 2.26864 
2.56385 1.62672 1.60648 1.8516 1.48797 3.10299 1.85655 1.69141 2.39632 1.76491 
youtube
6.78496 3.50188 3.25758 3.8183 3.44938 3.52176 5.69911 4.42236 3.28805 3.32557 
4.7919 4.76342 4.37865 4.75607 6.23194 4.65917 3.60352 3.68416 5.8614 4.51636 
3.09313 7.65366 2.91622 3.84383 3.97622 2.47387 3.54034 2.25589 4.56721 2.28148 
2.45741 2.98139 2.25541 2.60449 2.35797 2.33112 3.57533 2.0132 2.52389 2.08488 
