10
nb_request
1.68569 1.76469 1.77249 1.74286 1.85829 1.81086 2.00371 2.04256 2.07587 2.06776 
2.02761 1.9836 2.05387 1.93125 2.05328 2.11623 2.17738 2.18603 2.26626 2.21767 
1.8967 1.67733 1.71915 1.94594 1.78715 2.05955 1.97731 1.97508 2.02923 1.96861 
1.95446 1.90295 1.97525 2.05667 1.95364 2.0876 2.0963 2.09837 2.22094 2.18361 
nb_request
1.87252 2.02657 2.06286 2.29122 2.17482 2.19142 2.76401 2.74597 2.18399 2.19167 
2.46784 2.45847 2.39186 2.42573 2.33772 2.39653 2.50665 2.38699 2.39004 2.42013 
1.93951 1.95147 2.06501 2.02055 2.02091 2.0061 1.9405 1.98185 2.01964 2.05988 
2.16763 2.17315 2.14026 2.22025 2.13624 2.16476 2.15034 2.07149 2.18536 2.19307 
nb_request
1.81357 2.85257 1.94345 1.88418 4.02459 2.04079 4.12072 1.89099 3.21864 1.8099 
2.45789 2.70833 2.31601 3.78285 2.35442 2.58072 2.4843 2.59177 2.40684 2.38235 
2.04105 1.9651 2.04854 2.02755 2.03496 2.05953 2.05912 1.9321 2.06681 1.85449 
2.14475 2.23044 2.16343 2.18152 2.2698 2.04316 2.14917 1.96285 2.02341 2.00492 
nb_request
3.08658 3.0784 2.04861 2.05456 1.94477 1.96514 2.4201 1.71767 3.46036 2.11149 
2.23313 3.47957 2.58008 2.48114 2.33825 2.3031 2.75264 2.34048 2.62056 2.37762 
1.8633 3.74556 2.61382 2.24798 2.13136 2.07899 2.10524 2.09128 2.06421 1.99139 
1.95013 2.66292 2.52506 2.22317 2.13907 2.21461 2.1417 2.16705 2.20297 2.23146 
nb_request
1.80492 1.90609 2.69364 1.79742 3.12468 2.02773 2.07916 2.05402 2.10836 1.82971 
2.2806 2.39318 2.31648 2.31407 2.36415 2.42255 2.2794 2.34466 2.38038 2.29052 
2.13386 1.99783 2.00593 1.99747 2.06839 2.58361 2.27159 2.07552 2.11746 2.14442 
2.18966 1.99599 2.18292 1.96923 2.22981 2.50087 2.20036 2.27398 2.15928 2.18807 
nb_request
1.95782 2.19334 1.85952 2.00587 2.08494 1.92016 2.20477 2.08504 2.07717 1.84407 
2.30735 2.20733 2.69023 2.34205 2.19366 2.29131 2.63018 2.68851 2.34234 2.36926 
2.04687 2.01654 2.01406 2.30483 1.98182 2.01481 1.96888 3.23803 2.39529 2.03011 
2.22595 2.17758 2.1556 2.1039 2.38928 2.16199 2.09277 2.59937 2.30102 2.288 
nb_request
2.37439 1.90111 2.34392 2.18709 2.0992 2.29833 2.61291 2.06755 2.13627 2.16561 
2.66567 2.33224 2.58396 2.45602 2.21711 2.36064 2.3391 2.26752 2.30611 2.52875 
3.33644 2.5236 3.38289 2.3489 2.09461 3.00991 2.42698 2.28352 2.16435 3.35057 
2.66104 2.35095 2.69148 2.31212 2.22031 2.50821 2.48778 2.28799 2.15386 2.718 
nb_request
1.9395 2.32825 2.09974 2.09213 1.98081 2.03415 2.06967 2.30676 2.13964 2.31106 
2.17157 2.94727 2.33441 2.12996 2.50601 2.21305 2.19805 2.32261 2.20857 2.12024 
2.51302 4.07233 2.58091 2.26369 3.1417 2.40351 2.13485 2.02245 2.22606 2.28181 
2.37487 2.83001 2.46614 2.39841 2.61396 2.4546 2.31641 2.19866 2.42354 2.22385 
nb_request
1.91433 1.97764 2.26585 2.05755 1.94145 2.01931 1.90039 2.19088 2.04454 2.29226 
2.21121 2.25634 2.47491 2.25039 2.3251 2.16963 2.15101 2.72352 2.30178 2.74671 
2.15677 1.97385 2.03908 2.04576 2.00825 2.24692 3.40523 2.05041 1.94411 1.95975 
2.22747 2.20391 2.1663 2.21389 2.17437 2.12284 2.13642 2.14931 2.07949 2.14589 
nb_request
1.84923 1.96558 2.10921 1.83607 1.86768 1.96443 2.15137 2.07303 2.19963 2.06757 
2.22977 2.6695 2.10829 2.23287 2.28367 2.68632 2.17246 2.17528 2.26557 2.17763 
1.96218 1.91029 1.96486 1.91834 2.01679 2.0671 1.937 1.87934 1.95544 1.95137 
2.1002 2.07244 2.09092 2.2118 2.10407 2.16792 2.02355 2.10505 2.15957 2.00876 
nb_request
2.17144 1.80279 1.92774 2.31044 1.98265 2.3304 1.84089 2.001 1.9617 2.02958 
2.25009 2.30878 2.19988 2.65521 2.66487 2.35017 2.19304 2.24027 2.3073 2.35838 
2.20762 1.8869 1.86141 1.90686 1.90179 1.86167 1.95792 2.01745 1.95675 1.98594 
2.10467 2.08263 2.06101 2.11651 2.01299 2.07596 2.06765 2.04575 2.07428 2.11881 
nb_request
1.91239 1.79221 1.96946 1.80176 1.88937 1.93726 1.86704 2.34111 1.80437 1.95578 
2.1037 2.11453 2.27926 2.16534 2.15226 2.2657 2.19708 2.36513 2.28373 2.31505 
1.87027 2.01412 1.85258 2.08776 1.89336 1.80765 1.90583 1.94202 1.9932 1.95758 
2.05299 2.10711 2.09853 2.13935 2.18725 2.12043 2.02673 1.97752 2.12383 2.01481 
nb_request
1.88111 2.0123 1.83771 1.95512 1.83161 2.1079 2.1571 1.90731 1.90481 1.71028 
2.12538 2.24412 2.27429 2.26053 2.25777 2.66519 2.18551 2.56952 2.2136 2.3107 
1.87053 2.46416 2.20056 2.11234 1.92635 1.91845 2.07703 1.98317 2.14975 2.01724 
2.16425 2.32366 2.34428 2.12317 2.22088 2.23044 2.21935 2.19182 2.11371 2.07363 
nb_request
2.10321 1.93309 1.77617 2.2943 2.24097 2.04269 2.19272 1.88238 1.84973 1.91828 
2.23507 2.2554 2.28419 2.28461 2.1679 2.25269 2.29225 2.50998 2.34722 2.15707 
2.03086 2.16468 2.13927 2.02822 1.96668 2.04116 2.00908 2.59308 2.17956 2.0624 
2.1443 2.29981 2.1042 2.19138 2.16384 2.22597 2.1971 2.40692 2.3266 2.22681 
nb_request
1.93399 2.04744 2.01654 1.8527 2.05598 1.87786 1.88094 2.00324 2.30805 2.29244 
2.26631 2.25903 2.53333 2.64736 2.33825 2.37301 2.30001 2.20007 2.29631 2.31999 
1.97534 2.0909 2.74995 2.28438 2.12275 1.98656 2.13956 2.05048 2.02554 1.86432 
2.11239 2.16765 2.44725 2.32595 2.20365 2.20935 2.13875 2.15001 2.16163 2.10651 
nb_request
2.00293 1.91019 1.81091 2.17581 1.91441 2.15156 1.87099 1.8881 1.92749 1.87641 
2.30366 2.26177 2.34096 2.27691 2.33668 2.27841 2.42656 2.33934 2.30208 2.28297 
1.85305 1.87294 2.01704 2.59071 2.3131 2.24025 2.08331 2.04571 2.0656 2.08625 
2.02085 2.05077 2.0966 2.61874 2.18394 2.28678 2.20679 2.23306 2.2002 2.18959 
nb_request
1.94127 1.86673 1.99582 1.93864 1.9432 1.99361 1.78559 2.25573 1.94086 1.99825 
2.35345 2.34809 2.31976 2.40602 2.41998 2.34368 2.42589 2.35271 2.70698 2.29272 
2.10165 1.83965 1.94165 1.92222 1.83269 2.10545 2.1413 1.97669 2.00948 1.9825 
2.23219 2.18919 2.22015 2.10885 2.11746 2.06315 2.32974 2.05501 2.15981 2.24979 
nb_request
2.12516 1.86082 2.04064 1.98569 1.95712 1.96253 1.89422 2.30304 1.92053 1.9867 
2.27492 2.34216 2.39933 2.24291 2.4128 2.40544 2.30549 2.39452 2.59471 2.40356 
1.94634 2.10352 1.99299 1.89481 1.82002 1.96716 1.87572 1.94897 1.90829 1.94668 
2.10859 2.18216 2.14599 2.10565 2.033 2.15301 2.10342 2.05634 2.04688 2.12343 
nb_request
1.92297 2.06139 1.96643 2.19315 2.12131 1.90863 2.00327 1.97065 2.21701 1.97775 
2.47922 2.43273 2.31497 2.42015 2.31775 2.44997 2.41149 2.44764 2.34966 2.28194 
2.02275 2.51337 2.31599 2.16448 1.91874 1.99102 2.09407 1.89168 2.90584 2.39479 
2.10826 2.43179 2.29581 2.16546 2.23315 2.06744 2.13982 2.121 2.59087 2.28996 
nb_request
2.0125 2.04394 2.01765 1.87551 1.9425 1.97675 2.02787 1.99709 2.02046 2.02605 
2.58833 2.51328 2.4373 2.57636 2.44123 2.47879 2.39316 2.35321 2.44142 2.44407 
2.14048 2.00309 1.9724 1.97107 1.88116 1.87899 2.00243 2.90733 2.39225 2.20099 
2.31319 2.12656 2.24235 2.09578 2.17142 2.05161 2.09053 2.48693 2.49224 2.25143 
nb_request
1.94779 1.95762 1.96839 2.04294 1.92811 1.93742 1.95912 1.96431 1.98209 1.8834 
2.40401 2.34923 2.47358 2.57551 2.39757 2.50439 2.54621 2.55568 2.4987 2.52212 
2.61194 2.33503 2.24704 2.0867 2.01649 1.96289 1.98046 2.6909 2.35505 2.18221 
2.53039 2.28048 2.18754 2.21319 2.26259 2.21239 2.19771 2.62376 2.38883 2.30761 
nb_request
1.95831 1.91835 2.11589 2.01315 1.89657 2.07737 1.98832 1.89756 2.17786 1.91185 
2.4617 2.53446 2.43495 2.44878 2.46375 2.43699 2.6153 2.50427 2.57006 2.50279 
2.03702 2.03184 2.12678 1.94662 2.16499 1.96589 2.04935 1.96439 1.97275 3.05148 
2.12133 2.08882 2.22074 2.17567 2.20765 2.2386 2.20117 2.12931 2.07266 2.59293 
nb_request
1.90153 2.05647 1.94693 2.01935 1.98203 1.89383 1.90128 2.06229 1.83062 1.98692 
2.42682 2.44783 2.47757 2.41892 2.45197 2.45565 2.51177 2.54899 2.47099 2.58402 
2.3112 2.07852 1.98207 2.04286 2.10321 2.1007 1.96327 1.84411 2.00677 2.0763 
2.3918 2.38231 2.28223 2.14972 2.19049 2.10615 2.25383 2.30698 2.16346 2.14618 
nb_request
1.9625 1.89638 2.04273 1.94584 2.37615 1.96822 2.05462 1.97684 1.96514 1.98278 
2.43557 2.52807 2.56342 2.60108 3.02513 2.51858 2.48634 2.53318 2.43457 2.4496 
2.01771 1.8973 1.92146 1.87489 3.53878 2.53163 2.35274 2.079 2.1282 2.07862 
2.2344 2.1605 2.08587 2.12919 2.76726 2.40519 2.30277 2.1522 2.13838 2.17596 
nb_request
1.89636 2.02975 2.04958 1.9419 2.02966 1.94847 2.09654 1.90109 1.98295 1.94909 
2.52316 2.45826 2.49764 2.53648 2.57161 2.36154 2.56843 2.54593 2.55696 2.43208 
2.15799 1.99455 1.89292 2.01436 1.97445 1.94333 1.96104 2.01756 1.8219 2.12276 
2.23582 2.16891 2.24785 2.25453 2.20013 2.1797 2.26123 2.14257 2.25171 2.15304 
nb_request
2.09256 2.01457 2.03904 2.01058 1.84118 2.07989 2.02548 2.01072 2.02387 2.44515 
2.40669 2.53575 2.49603 2.49396 2.45103 2.50319 2.54845 2.47164 2.52872 2.51353 
2.0798 1.98522 2.25144 2.10547 2.06083 1.92641 2.17451 2.03479 1.94303 1.87582 
2.5993 2.17037 2.24109 2.20664 2.10378 2.12776 2.28601 2.22458 2.07299 2.01262 
nb_request
2.03722 2.04381 1.95734 2.08467 2.00038 2.08745 1.95364 1.9265 2.05932 2.09094 
2.54749 2.45479 2.50795 2.47037 2.56611 2.46376 2.33273 2.54459 2.41745 2.45248 
1.90352 1.96991 1.89698 1.88313 2.07194 1.9206 1.94527 1.95712 1.8936 1.96904 
2.13851 2.00756 2.22861 2.14491 2.09193 2.28152 2.13716 2.22701 2.07965 2.13406 
nb_request
2.08751 1.97258 2.1563 1.96533 2.07618 2.23993 2.08945 2.34309 2.07164 2.1355 
2.42124 2.50656 2.54504 2.55278 2.50183 2.4433 2.52909 2.53309 2.43087 2.57902 
1.80203 1.90319 1.94674 2.04201 1.95638 2.08393 2.10329 2.08678 2.17885 2.07345 
2.20983 2.1164 2.02649 2.12884 2.11051 2.19345 2.18175 2.23637 2.29392 2.19198 
nb_request
2.10425 2.11322 2.13613 2.04203 1.92693 2.06981 2.36247 2.13986 2.17158 2.18993 
2.4976 2.51189 2.5174 2.61278 2.62922 2.46092 2.62673 2.48953 2.43468 2.5953 
2.08275 1.95885 2.08528 2.07209 1.90587 1.90436 1.94955 2.02967 1.86278 1.98405 
2.21517 2.10057 2.10439 2.19786 2.22582 2.08915 2.19265 2.25191 2.14805 2.16648 
nb_request
2.2089 2.07383 2.03451 2.06201 2.14872 2.02722 2.17853 2.12874 2.08442 1.93609 
2.55542 2.65699 2.62336 2.61295 2.56369 2.56608 2.63228 2.98353 2.51434 2.5217 
1.96637 2.02832 1.97755 1.88701 2.04327 2.01075 2.05048 3.53044 2.42022 2.27593 
2.2019 2.04871 2.10535 2.1187 2.14643 2.11301 2.10731 2.73767 2.44487 2.37722 
nb_request
2.07239 2.37975 2.16853 2.30654 2.19409 2.136 2.28923 2.17283 2.04123 2.11042 
2.87292 2.49026 2.62541 2.63973 2.60007 2.66032 2.63515 2.60427 2.67627 2.77625 
3.46005 2.52075 2.19844 2.27666 2.06978 2.06692 1.95078 1.94834 1.96301 1.93369 
2.72336 2.48491 2.21309 2.22792 2.18945 2.13031 2.22845 2.07221 2.21096 2.34466 
nb_request
2.2448 2.25789 2.03274 2.13056 2.22657 2.13955 2.20791 2.22496 2.21749 2.22491 
2.65287 2.54061 2.70186 2.62671 2.64103 2.61916 2.53426 2.63322 2.6302 2.71216 
1.94734 1.92296 2.25171 1.90072 1.95668 1.94167 1.98118 1.90646 2.05962 1.8896 
2.05612 2.13161 2.26212 2.22694 2.13618 2.06296 2.11576 2.02794 2.10782 2.13934 
nb_request
2.1117 2.24319 2.26068 2.27353 2.06376 2.19588 2.24379 2.19141 2.27503 2.14273 
2.65923 2.64146 2.70245 2.80123 2.81128 2.73809 2.94742 2.65814 2.62282 2.58168 
1.98638 1.90801 1.84546 1.92438 2.04221 2.05734 3.34401 2.42912 2.30443 2.30474 
2.16512 2.26882 2.0294 2.0144 2.13412 2.09772 2.74993 2.40596 2.43128 2.17029 
nb_request
2.23298 2.15079 2.22823 2.21016 2.2084 2.16161 2.13261 2.23353 2.23962 2.17119 
2.67092 2.8345 2.73284 2.6135 2.6206 2.63904 2.59306 2.63022 2.67604 2.74718 
2.04362 3.66934 2.61374 2.292 2.18089 2.06833 2.21519 1.98363 2.01149 2.17854 
2.36516 2.74301 2.5169 2.20064 2.21538 2.27008 2.27651 2.1585 2.25318 2.20848 
nb_request
2.31389 2.21663 2.22452 2.18225 2.21345 2.17551 2.18529 2.33581 2.23972 2.21298 
2.6577 2.72148 2.73917 2.66698 2.61119 2.76627 2.73523 2.73314 2.80912 2.68832 
2.01356 2.09502 1.94477 2.0589 1.90302 1.97744 1.85133 2.18733 2.10554 1.9974 
2.37253 2.29164 2.50135 2.01685 2.21945 2.21621 2.04661 2.24343 2.07544 2.24091 
nb_request
2.23321 2.17647 2.3516 2.21463 2.23788 2.30997 2.18957 2.28452 2.22625 2.29996 
2.6156 2.79844 2.68816 2.7789 2.72155 2.65593 2.78896 2.76452 2.82389 2.72631 
2.00183 2.0793 2.11741 2.0866 2.12622 2.31247 1.93192 1.89206 2.11578 1.96375 
2.2367 2.22241 2.24615 2.20176 2.28839 2.27644 2.21166 2.25141 2.19416 2.23634 
nb_request
2.26922 2.239 2.39383 2.42923 2.19006 2.30237 2.38775 2.39811 2.24192 2.25126 
2.85954 2.80712 2.9581 2.82949 2.63261 2.76803 2.79713 2.83329 2.79582 2.76267 
1.88101 1.85216 1.88698 1.99792 1.99777 1.93925 1.97455 1.95825 1.8923 1.95723 
2.2784 2.18011 2.14192 2.16536 2.09795 2.20311 2.13718 2.15888 2.13476 2.15441 
nb_request
2.40041 2.42755 2.31484 2.22276 2.29891 2.29388 2.27555 2.29037 2.3765 2.29031 
2.70872 2.80433 2.75312 2.91942 2.88469 2.70319 2.83963 2.77073 2.77083 2.84829 
2.02304 1.93143 1.92434 2.07178 2.00323 2.04412 2.29917 2.32282 2.16884 2.01934 
2.16044 2.23091 2.23704 2.29557 2.17621 2.26345 2.43055 2.34039 2.32164 2.26215 
nb_request
2.37697 2.37414 2.35668 2.35259 2.31836 2.2939 2.3878 2.3306 2.41008 2.33568 
2.83754 2.97835 2.77632 2.71966 2.82543 2.85599 2.81322 2.8775 2.79185 2.9324 
1.93299 2.1825 2.14718 1.97694 1.98857 2.04421 2.04997 2.00474 2.03381 0 
2.16578 2.21109 2.18478 2.09565 2.17478 2.12665 2.23564 2.10307 2.20219 2.09474 
nb_request
2.32096 2.32485 2.2148 2.42738 2.37845 2.38063 2.44512 2.21123 2.42059 2.38931 
2.84707 2.85966 3.06909 3.0121 2.8464 2.81811 2.79774 2.81865 2.90273 2.83654 
1.98927 1.9159 2.03315 1.97432 1.89625 1.97403 1.98819 2.0145 2.04964 2.09826 
2.10494 2.17873 2.19893 2.13273 2.21681 2.08125 2.30209 2.30992 2.37173 2.1517 
nb_request
2.5605 2.5065 2.54123 2.29758 2.43064 2.37233 2.36823 2.32254 2.42795 2.36347 
2.77041 2.852 2.91163 3.07694 2.86582 2.93268 2.79975 2.90267 2.92579 2.88061 
2.0102 2.17287 2.0793 1.9917 2.07894 2.09801 2.0263 2.05281 1.88683 1.89869 
2.17824 2.31178 2.23705 2.43116 2.18741 2.18326 2.15252 2.23291 2.14678 2.25437 
nb_request
2.5108 2.47986 2.37908 2.49028 2.44435 2.37985 2.53968 2.47513 2.34512 2.36527 
2.85459 2.84185 2.85505 2.88077 2.81456 2.92361 2.99081 2.98861 2.78022 2.86374 
2.14562 1.97265 1.92075 2.06492 2.09391 2.03921 2.06347 1.99338 2.00833 2.17617 
2.27327 2.36784 2.21504 2.17038 2.22335 2.16984 2.16119 2.13899 2.05169 2.2098 
nb_request
2.47211 2.46469 2.34743 2.43131 2.4104 2.53742 2.47853 2.36914 2.38807 2.50241 
2.80948 2.78789 2.84041 2.88086 3.00897 2.86792 3.02909 2.88104 3.02179 2.8946 
2.12791 2.08603 2.1172 2.05128 2.08227 2.04093 1.96394 1.99256 1.94749 1.94041 
2.18409 2.22587 2.32267 2.24465 2.2573 2.19092 2.18213 2.19529 2.26859 2.24027 
nb_request
2.43425 2.47911 2.41607 2.41233 2.51778 2.4869 2.51819 2.47673 2.58497 2.37086 
3.04899 2.95872 3.00158 3.05572 2.90657 3.11667 2.98919 2.8697 3.03207 3.02593 
2.07998 1.96862 2.03486 1.99974 1.84309 1.90195 2.03642 1.94732 1.98149 1.89983 
2.15351 2.2315 2.21699 2.26402 2.2472 2.20776 2.08027 2.04323 2.15057 2.29093 
nb_request
2.4978 2.45658 2.33308 2.57216 2.47749 2.46824 2.56402 2.38982 2.35221 2.53558 
3.14287 3.10718 3.02397 2.97529 2.94486 2.95452 3.02426 3.04788 3.00611 3.04514 
2.03595 2.06398 2.22987 2.13249 2.10806 2.16271 2.00867 1.97422 2.05468 2.02787 
2.09865 2.3644 2.29893 2.31821 2.32328 2.13803 2.26302 2.26746 2.21228 2.54472 
nb_request
2.48416 2.45956 2.46676 2.52443 2.51858 2.41643 2.48149 2.57146 2.52534 2.60697 
2.91625 2.93818 3.14141 2.91779 2.91313 2.93961 3.03688 3.12389 3.06467 2.9579 
1.97608 2.12347 1.91639 2.09674 2.22311 1.9157 1.95775 2.0226 1.95467 1.94709 
2.29064 2.25852 2.19997 2.21838 2.19151 2.1983 2.11329 2.19737 2.2524 2.34128 
nb_request
2.59744 2.58519 2.61079 2.56833 2.47986 2.58718 2.56985 2.5811 2.59361 0 
2.97197 2.90896 2.99126 2.93925 3.01997 3.02368 3.00509 3.01094 2.92167 3.01995 
2.14112 2.0069 2.05599 2.01598 2.18768 1.9987 2.01561 2.0799 1.92279 2.18021 
2.14731 2.23019 2.27481 2.21757 2.2757 2.26123 2.33904 2.21061 2.18583 2.16937 
nb_request
2.51514 2.55268 2.39326 2.41449 2.43477 2.35093 2.45868 2.51525 2.46604 2.43661 
3.06774 3.2682 3.12082 2.99596 2.95141 3.15173 2.96313 3.0847 3.08901 2.9827 
1.87163 2.12424 2.15543 1.86028 1.95071 1.83688 2.24205 1.97954 2.05197 2.13046 
1.99095 2.08995 2.28982 2.17769 2.1557 2.18791 2.13214 2.16452 2.26182 2.32712 
nb_request
2.46904 2.50144 2.54087 2.41713 2.45439 2.58516 2.67183 2.47834 2.51407 2.47699 
3.0488 3.09534 3.0481 3.10668 3.12232 3.22284 2.95405 3.11366 3.02371 3.20224 
2.15003 2.18122 2.00436 2.07351 2.1028 2.12184 2.03393 2.10482 2.05993 2.03779 
2.06722 2.2447 2.23976 2.2586 2.1942 2.29251 2.17599 2.20773 2.19394 2.31 
nb_request
2.58478 2.50294 2.63395 2.4169 2.59167 2.43172 2.38988 2.36109 2.56035 2.42301 
3.11148 3.14817 3.11952 3.16922 3.16415 3.14381 3.14916 3.15643 3.12751 3.17651 
2.18369 2.12291 2.14606 1.99157 1.93547 2.07438 2.10776 1.90561 2.08498 1.98357 
2.156 2.37469 2.41199 2.26157 2.14258 2.12375 2.28175 2.17742 2.32172 2.3287 
nb_request
2.49775 2.49679 2.59056 2.58846 2.57281 2.59544 2.54219 2.57513 2.50216 2.44184 
3.10304 3.15797 3.25099 3.1706 3.16611 3.19626 3.09194 3.08789 3.06273 3.19449 
2.09863 2.15628 2.21002 2.05696 2.08325 2.11325 2.05297 2.12491 2.02245 2.26904 
2.29737 2.26705 2.15058 2.14358 2.25952 2.22591 2.26846 2.42975 2.1617 2.21475 
nb_request
2.53015 2.51391 2.58173 2.55921 2.57125 2.54551 2.3938 2.45695 2.51633 2.55523 
3.06221 3.16549 3.08847 3.06676 3.08154 3.13378 2.98346 3.08134 3.1523 3.15691 
2.11296 2.143 2.06422 2.10116 2.19393 2.27686 2.21052 2.11891 2.0642 2.07403 
2.32281 2.3815 2.27581 2.31229 2.20649 2.41624 2.35726 2.22212 2.27096 2.23134 
nb_request
2.63443 2.57882 2.43854 2.55397 2.63199 2.52066 2.64146 2.62173 2.35718 2.593 
3.25554 3.14031 3.04695 3.14142 3.16811 2.95782 3.07209 3.1102 3.28777 3.15183 
2.13027 2.08966 1.97505 2.15238 2.03195 1.99041 2.13357 1.97854 1.85521 2.04707 
2.31511 2.32917 2.354 2.07188 2.17857 2.31543 2.11005 2.42019 2.25569 2.19287 
nb_request
2.49038 2.66227 2.56506 2.48391 2.55717 2.56065 2.66836 2.43759 2.52069 2.51201 
3.14089 2.97607 3.09661 3.11319 3.02035 3.13127 3.19701 3.12736 3.11233 3.08629 
2.1878 2.21322 2.06389 2.11191 1.95366 2.17504 2.07674 2.02158 2.00708 2.02419 
2.26703 2.42035 2.28527 2.38069 2.28889 2.34318 2.27051 2.24761 2.26469 2.24215 
nb_request
2.55069 2.51715 2.64716 2.67923 2.69199 2.52292 2.5794 2.71863 2.69649 2.74214 
3.25826 3.08775 3.02441 3.01557 3.1163 3.1164 3.07301 3.13852 3.17144 3.09699 
2.15472 2.26748 2.15472 2.01796 2.11261 2.11251 2.04051 2.07012 1.95106 2.1081 
2.23882 2.26146 2.29645 2.25655 2.26765 2.27988 2.19265 2.16909 2.11182 2.23679 
nb_request
2.54465 2.61443 2.63501 2.72711 2.57869 2.6075 2.68223 2.6306 2.65846 2.73829 
3.21319 3.03948 3.22107 3.17597 3.16629 3.12978 3.12746 3.1916 3.19507 3.14869 
2.07601 2.2699 2.05547 2.10376 2.04552 1.9656 2.15439 2.1909 2.03842 2.18667 
2.23251 2.36147 2.23728 2.19985 2.28632 2.19481 2.2205 2.20259 2.1441 2.23596 
nb_request
2.62976 2.51265 2.58259 2.5952 2.5997 2.51739 2.46814 2.67051 2.80118 2.76849 
3.27381 3.11568 3.21045 3.26637 3.13724 3.286 3.22792 3.31403 3.13826 3.10169 
2.1707 2.08123 2.11645 2.0794 1.95069 2.20392 2.19436 2.12529 2.09561 2.06351 
2.28761 2.2889 2.28674 2.15097 2.29092 2.39635 2.36993 2.22095 2.20026 2.26745 
nb_request
2.66992 2.50727 2.53919 2.54251 2.68796 2.69541 2.45108 2.53735 2.71489 2.51755 
3.05706 3.11242 3.16818 3.05773 3.18005 3.22498 3.23948 3.18474 3.08906 3.18662 
2.10065 2.15405 2.12053 2.17358 2.1975 1.96763 2.1345 2.06861 2.38581 2.20544 
2.33018 2.1882 2.17749 2.17457 2.14094 2.27403 2.4445 2.20283 2.41371 2.36423 
nb_request
2.61893 2.62703 2.6966 2.68407 2.64101 2.55552 2.69037 2.69605 2.62764 2.70266 
3.29741 3.34806 3.23839 3.13916 3.11754 3.112 3.30537 3.2216 3.13565 3.26575 
2.23187 2.09526 2.264 2.23993 2.26661 2.36057 2.14888 2.14612 2.06269 3.93221 
2.27427 2.26986 2.21327 2.40094 2.43382 2.53767 2.37867 2.36008 2.4436 2.82156 
nb_request
2.58878 2.59878 2.59571 2.5238 2.58599 2.4896 2.58365 2.47774 2.4364 2.70223 
3.16785 3.00713 3.21851 3.11352 3.30263 3.01163 2.95739 2.99 3.03945 3.04047 
2.64366 2.22241 2.21138 2.14465 2.11073 2.10201 2.10614 2.01299 2.09199 1.98241 
2.49861 2.28946 2.27744 2.28714 2.28545 2.22244 2.23542 2.17045 2.35628 2.2684 
nb_request
2.64248 2.5005 2.62751 2.70105 2.61123 2.66002 2.50478 2.56255 2.5582 2.61034 
2.98473 3.24797 3.12787 3.1193 3.17723 3.05606 3.10646 3.10634 3.18621 3.09155 
2.00753 2.07359 2.22345 2.00376 2.08514 2.19524 2.06384 1.98332 2.02217 2.13677 
2.4746 2.22545 2.16634 2.1951 2.26365 2.18968 2.22583 2.15426 2.23657 2.16974 
nb_request
2.66111 2.56483 2.6923 2.72371 2.61134 2.52601 2.5681 2.71668 2.63209 2.64539 
3.15783 3.17149 3.04343 3.03941 3.23229 3.17098 3.05978 3.12975 3.05787 3.0841 
2.06547 2.10986 2.09976 2.13735 2.05327 2.01859 2.09024 2.17365 2.16518 2.24914 
2.20058 2.3369 2.17213 2.33154 2.31623 2.26995 2.354 2.23757 2.36916 2.59212 
nb_request
2.72666 2.59062 2.666 2.52368 2.57478 2.71888 2.67057 2.61016 2.63887 2.65787 
3.14286 3.06901 3.23945 3.25932 3.36691 3.11412 3.28673 3.20199 3.12306 3.22946 
1.98546 2.11247 2.05849 2.15127 2.12492 2.1957 2.13691 2.15088 2.12184 2.19153 
2.30627 2.14723 2.34501 2.17842 2.16351 2.29068 2.47857 2.29164 2.213 2.46676 
nb_request
2.67449 2.53224 2.73176 2.71449 2.54366 2.74815 2.61763 2.70023 2.53676 2.75746 
3.24791 3.21032 3.37371 3.25885 3.16035 3.21753 3.1846 3.32024 3.25043 3.17548 
2.14238 2.00829 2.17026 2.01078 2.10522 1.97567 2.19504 2.09271 2.3234 2.15932 
2.24104 2.19739 2.24791 2.25178 2.35559 2.42058 2.32041 2.21897 2.20195 2.10256 
nb_request
2.55686 2.71678 2.68534 2.60404 2.54889 2.65051 2.73703 2.72621 2.70798 0 
3.12717 3.20041 3.16564 3.30659 3.18052 3.19372 3.2266 3.27132 3.21827 3.10993 
2.25736 2.38851 2.39481 2.02563 2.06489 2.10682 2.15522 2.12486 2.07503 2.04396 
2.45321 2.41554 2.26783 2.06261 2.28254 2.27155 2.23583 2.23745 2.25535 2.24111 
nb_request
2.65659 2.63656 2.72533 2.62906 2.67972 2.84846 2.71668 2.85521 2.70865 2.72545 
3.23191 3.25241 3.15834 3.24742 3.34068 3.25008 3.24524 3.15057 3.14681 3.11188 
2.05509 2.13827 2.19156 2.06414 2.24843 2.16651 2.05457 2.12423 2.2524 2.14201 
2.19151 2.28862 2.34634 2.17304 2.23496 2.17275 2.25279 2.31636 2.36469 2.2772 
nb_request
2.78229 2.68592 2.60299 2.70411 2.60319 2.72741 2.70932 2.77968 2.59812 2.64509 
3.18811 3.48834 3.1077 3.37803 3.2618 3.28784 3.14659 3.39755 3.14371 3.1874 
2.14156 2.13375 2.36848 2.09392 2.10739 2.12646 2.09097 2.04424 2.04435 2.15039 
2.28522 2.22367 2.37768 2.44954 2.2687 2.4471 2.30696 2.44314 2.30502 2.19172 
nb_request
2.70611 2.63743 2.66532 2.75675 2.73621 2.76104 2.74265 2.76368 2.67145 2.66139 
3.25394 3.24352 3.30165 3.33334 3.24514 3.3908 3.33085 3.16638 3.33555 3.26604 
2.10211 2.22689 2.06622 2.05178 1.94395 2.21626 2.02676 2.11341 2.03532 2.22361 
2.16116 2.19743 2.18708 2.26209 2.12691 2.26134 2.18761 2.31049 2.18272 2.39564 
nb_request
2.80346 2.80886 2.69786 2.64448 2.72314 2.72136 2.71962 2.844 2.77134 2.82891 
3.23262 3.28307 3.20202 3.30369 3.35834 3.38372 3.28272 3.22284 3.24004 3.4639 
2.06841 2.17746 2.2257 2.05648 2.0303 2.05656 2.09498 2.15718 2.0751 2.2335 
2.31478 2.32081 2.30992 2.25221 2.28553 2.37604 2.29558 2.17962 2.39625 2.25492 
nb_request
2.89673 2.67806 2.86859 2.70744 2.72778 2.68682 2.7859 2.83381 2.70339 2.76905 
3.22718 3.26795 3.27864 3.18266 3.26656 3.44476 3.21003 3.25902 3.3514 3.29485 
2.15551 2.10954 2.13301 2.05877 2.10614 2.18262 2.17638 2.01124 2.22611 2.19546 
2.37151 2.33563 2.17516 2.44933 2.17063 2.34287 2.24042 2.35421 2.3106 2.21241 
nb_request
2.70079 2.82719 2.79139 2.74241 2.8282 2.72402 2.62832 2.64562 2.81074 2.93675 
3.30207 3.33128 3.38999 3.45649 3.38682 3.32169 3.3184 3.41827 3.28297 3.18206 
2.0578 2.28439 2.07324 2.04559 2.0055 2.17551 2.19807 2.21411 2.13602 2.07865 
2.32398 2.30983 2.26868 2.34714 2.32714 2.39694 2.26861 2.30211 2.28452 2.24199 
nb_request
2.81583 2.81404 2.90503 2.92288 2.84047 2.91507 2.87469 2.84281 2.85586 2.72488 
3.28277 3.21689 3.59716 3.36273 3.51869 3.37339 3.37841 3.41299 3.36941 3.5023 
2.18098 2.21489 2.16052 2.28388 2.25559 2.13346 2.06615 2.23265 2.12074 2.03319 
2.23584 2.27018 2.26564 2.37113 2.32619 2.41036 2.29953 2.32161 2.24346 2.33968 
nb_request
2.83914 2.71524 2.65496 2.8185 2.68398 2.77854 2.81671 2.79619 2.90747 2.83046 
3.3987 3.53519 3.39328 3.40704 3.4273 3.36086 3.32634 3.2718 3.36236 3.42633 
2.11853 2.09605 2.35358 2.1104 2.03899 1.99153 2.18262 2.06337 2.21748 2.13803 
2.29411 2.34041 2.23729 2.30794 2.23572 2.25639 2.29302 2.22977 2.36174 2.25953 
nb_request
2.89189 2.77433 2.83679 2.87582 3.04487 2.87731 3.02925 2.90721 2.77867 2.88005 
3.38746 3.49505 3.45476 3.46545 3.55515 3.52957 3.45263 3.49558 3.30178 3.55227 
2.23453 2.10716 2.24442 1.99332 1.95694 1.95412 2.19169 2.07521 2.18956 2.19313 
2.37028 2.30993 2.37919 2.3078 2.43909 2.37465 2.37564 2.13245 2.30859 2.32564 
nb_request
2.98799 2.89824 2.84086 2.87014 3.0584 2.92476 2.93205 3.04802 3.00386 2.91374 
3.54088 3.35473 3.20613 3.49117 3.4782 3.44121 3.61105 3.39516 3.38659 3.56249 
2.37911 2.45035 2.24097 2.06086 2.15124 2.30975 2.15793 2.25817 2.2047 1.99527 
2.48867 2.39504 2.30862 2.3401 2.24845 2.31349 2.23591 2.248 2.32635 2.23141 
nb_request
3.10205 2.94462 2.93131 2.85108 2.96394 2.95413 2.95189 2.90756 2.97363 3.05447 
3.5006 3.45774 3.61915 3.60971 3.54442 3.43959 3.5721 3.5374 3.57174 3.38225 
2.34945 3.73907 2.35726 2.39255 2.18211 2.09495 2.06883 2.15378 2.37701 2.0656 
2.49487 2.48693 2.32154 2.47845 2.35882 2.44287 2.37928 2.37709 2.26753 2.15998 
nb_request
2.89346 2.93868 2.86259 2.91019 2.86011 2.9387 2.99485 2.96057 2.97871 3.07968 
3.4469 3.42451 3.44949 3.46599 3.51555 3.50064 3.57842 3.56229 3.65868 3.4197 
2.16512 2.19172 2.07637 2.07211 2.20292 2.19503 2.13614 2.27831 2.08287 2.20806 
2.2688 2.48836 2.39804 2.30371 2.26236 2.37906 2.29526 2.37326 2.11345 2.20867 
nb_request
3.04951 3.1066 2.85312 3.06911 2.81643 3.00975 3.06532 3.00277 2.93136 2.95398 
3.59535 3.48099 3.48199 3.6301 3.43086 3.49699 3.57026 3.73934 3.49388 3.5944 
2.07453 2.14554 2.29178 2.09617 2.11792 2.21786 2.32868 2.24974 2.11761 2.16425 
2.31937 2.17083 2.26339 2.27704 2.21043 2.4873 2.32412 2.18537 2.50434 2.12558 
nb_request
3.07609 3.00735 2.90939 2.83908 3.02371 2.96395 3.04316 2.85365 3.06793 2.8538 
3.66043 3.45024 3.47564 3.55692 3.49094 3.55529 3.51952 3.5975 3.53379 3.629 
2.11314 2.0534 2.18485 1.9969 2.25099 2.43185 2.17761 2.20942 2.28507 2.15483 
2.25087 2.58686 2.30435 2.27334 2.28288 2.50249 2.3803 2.45242 2.49633 2.44944 
nb_request
2.97638 3.02892 2.93594 3.08524 3.00322 2.91372 3.04866 3.01039 2.99058 2.92711 
3.59111 3.57139 3.56249 3.64279 3.59641 3.63864 3.40753 3.67 3.44794 3.68595 
2.18543 2.22723 2.18389 2.24408 2.12786 1.97356 2.00705 2.0513 1.9949 2.16939 
2.37328 2.36713 2.33047 2.31367 2.46721 2.29491 2.34426 2.19418 2.18782 2.28504 
nb_request
2.98127 3.10256 3.09063 2.98924 3.20448 2.90015 2.95811 3.10558 3.17355 3.05634 
3.42693 3.72363 3.55454 3.51683 3.50795 3.42661 3.53586 3.64688 3.4781 3.67991 
2.02928 2.04292 2.0299 2.04366 2.14238 2.01534 2.01106 1.94687 2.00418 2.14771 
2.20604 2.35789 2.27361 2.33295 2.22552 2.33649 2.22707 2.34078 2.24563 2.22769 
nb_request
3.1797 2.95487 3.07545 3.00408 3.19136 2.99893 3.10993 3.06127 3.08025 3.11115 
3.51501 3.66278 3.54364 3.61678 3.74455 3.53427 3.4569 3.60269 3.75048 3.54667 
2.14779 2.04844 2.15131 2.16733 2.12954 2.19478 2.09339 2.15441 2.15916 2.06037 
2.45207 2.40841 2.2903 2.25865 2.29448 2.28642 2.49957 2.31947 2.19551 2.46757 
nb_request
3.13887 3.14948 3.16217 2.99755 3.07795 3.09578 3.12955 3.13517 3.0017 2.91079 
3.66672 3.63764 3.7395 3.67639 3.7454 3.56624 3.79222 3.5561 3.62983 3.59382 
2.07772 2.24784 2.13943 2.14386 2.19948 2.13149 2.17217 2.05014 2.08178 2.15934 
2.24419 2.27419 2.30558 2.35106 2.24992 2.35544 2.25136 2.32706 2.23637 2.40306 
nb_request
3.15635 2.98619 3.20292 2.95381 3.21849 3.10999 3.07017 3.2324 3.1394 3.16907 
3.48681 3.71189 3.62228 3.56408 3.60427 3.56366 3.62994 3.70099 3.71162 3.66711 
2.1252 2.25192 1.9179 2.20206 2.13274 2.28134 2.20369 2.19195 2.20714 2.09177 
2.43634 2.34567 2.2797 2.20532 2.25718 2.33521 2.27982 2.39414 2.33185 2.47604 
nb_request
3.2107 3.19361 3.15175 3.00151 3.15064 2.99253 3.08567 3.13459 3.06053 3.00261 
3.57553 3.79374 3.78902 3.61211 3.60478 3.6496 3.81489 3.57516 3.7016 3.57552 
2.18837 2.147 2.06764 2.14377 2.14911 2.13372 2.21651 2.20611 2.28124 2.01773 
2.47534 2.28347 2.42185 2.49802 2.41928 2.18991 2.17156 2.3239 2.43173 2.54518 
nb_request
3.03838 3.16243 3.33582 3.22825 3.08788 3.287 3.11883 3.24884 3.13389 3.10024 
3.58956 3.77639 3.77443 3.58048 3.56374 3.66965 3.8072 3.70219 3.82492 3.79862 
2.06241 2.15678 2.02995 2.07551 2.08806 2.05167 2.03373 2.2413 2.51491 2.09917 
2.39108 2.20248 2.24959 2.26379 2.25031 2.31955 2.3557 2.33562 2.12066 2.23934 
nb_request
3.16936 3.22823 3.20349 3.24703 3.28696 3.21389 3.21776 3.02709 3.14868 3.02438 
3.70149 3.63239 3.6815 3.57219 3.70128 3.88889 3.64821 3.85371 3.76874 3.82232 
2.27647 2.16734 2.10138 2.23978 2.26265 2.2934 2.1655 2.13361 2.13322 2.21488 
2.30873 2.33573 2.15108 2.32323 2.48244 2.34032 2.37893 2.13632 2.22029 2.28181 
nb_request
3.25435 3.17168 3.17343 3.14815 3.2323 3.32244 3.21402 3.14459 3.28645 3.23324 
3.99006 3.78996 3.75116 3.85933 3.8474 3.76063 3.71744 3.828 3.67921 3.68909 
2.07768 2.12657 2.13538 2.22829 2.30024 2.21973 2.11532 2.17163 1.98811 2.07963 
2.40922 2.2893 2.24725 2.28079 2.69569 2.27751 2.31045 2.30819 2.4364 2.42184 
nb_request
3.14138 3.25444 3.26807 3.13376 3.35769 3.31496 3.33495 3.32355 3.25676 3.2546 
3.76537 3.72599 3.81932 3.68713 3.663 3.6359 3.73768 3.66629 3.72889 3.76724 
2.14867 2.1662 2.12973 2.22277 2.21679 2.14976 2.07761 2.16041 2.40247 2.21259 
2.48921 2.39685 2.47195 2.28434 2.23571 2.19266 2.38158 2.1859 2.42117 2.34288 
nb_request
3.08506 3.23266 3.26604 3.25161 3.20399 3.26081 3.36123 3.19515 3.23829 3.14231 
3.62735 3.88111 3.75192 3.6133 3.72983 3.93707 3.90444 3.77857 3.83669 3.63329 
2.26295 2.30878 2.09474 1.97174 2.01873 1.98572 2.06328 2.12255 2.22007 1.99008 
2.2338 2.20317 2.38465 2.28127 2.36696 2.31215 2.31673 2.25895 2.35131 2.33448 
nb_request
3.23335 3.17589 3.23951 3.27987 3.27207 3.28023 3.26901 3.21691 3.2502 3.08886 
3.81339 3.79461 3.81247 3.73501 4.04503 3.8461 3.99807 3.87991 3.73636 3.72381 
2.05911 2.16436 2.0212 2.02036 2.00802 2.06117 2.06157 2.20097 2.30588 2.23323 
2.3806 2.1425 2.22425 2.30775 2.36438 2.22544 2.36488 2.57073 2.48259 2.59608 
nb_request
3.30813 3.34027 3.42633 3.09842 3.29034 3.2622 3.32377 3.47683 3.12392 3.2649 
3.84372 3.97858 3.95407 3.79801 3.99164 3.69313 3.82109 3.80343 3.81306 3.83995 
2.12394 2.02916 2.11061 2.25833 2.25972 2.0472 2.01713 2.27361 2.26536 2.03828 
2.33556 2.21055 2.48374 2.38004 2.40188 2.23942 2.31124 2.452 2.41951 2.31861 
nb_request
3.18661 3.52507 3.33783 3.31157 3.24705 3.27236 3.29411 3.3266 3.35758 3.4572 
3.8038 3.68012 3.93086 3.84901 3.79345 3.76884 3.84012 3.89911 3.88674 3.70371 
2.21757 2.24681 2.31949 2.4354 2.24938 2.24388 2.02812 2.33004 2.15876 2.0666 
2.25662 2.22078 2.41067 2.36333 2.40206 2.45103 2.40079 2.28648 2.29708 2.19277 
nb_request
3.33693 3.3529 3.38287 3.43398 3.31506 3.27122 3.31923 3.32468 3.17654 3.18451 
3.83759 3.89446 3.81173 3.98049 3.83181 3.99615 3.97406 3.90874 3.95047 3.82766 
2.15817 2.2317 2.14345 2.30138 2.20798 2.28167 2.1651 2.14562 2.17683 2.14789 
2.2596 2.27347 2.28414 2.39094 2.29809 2.30202 2.29175 2.18177 2.16485 2.27666 
nb_request
3.28019 3.30663 3.30934 3.2965 3.33567 3.34994 3.45972 3.45227 3.43395 3.4297 
3.90593 4.09012 3.83497 3.83546 3.89896 3.80274 3.92099 3.96538 4.00528 3.94991 
2.03489 2.19259 2.32721 2.26034 2.26226 2.06977 2.26386 2.24171 2.33718 2.07668 
2.29633 2.30281 2.28093 2.44069 2.49237 2.35622 2.21529 2.25851 2.24339 2.19333 
nb_request
3.24775 3.67849 3.32041 3.34067 3.4188 3.27963 3.40631 3.29518 3.44781 3.50498 
3.78729 3.84536 3.82079 3.90813 4.00315 4.01179 3.86295 3.90536 3.8617 3.80777 
2.29113 2.44109 2.2405 2.71813 2.10124 2.19047 2.02705 2.09622 2.36057 2.08016 
2.47965 2.32847 2.32508 2.37414 2.2922 2.37571 2.38027 2.35656 2.30338 2.43886 
nb_request
3.48479 3.45725 3.31763 3.4489 3.37545 3.37853 3.30745 3.35363 3.52942 3.29263 
4.14074 3.939 3.88582 3.95046 4.05348 3.89831 3.90014 4.05198 4.02868 3.93284 
2.11204 2.19051 2.23252 2.02782 2.31497 2.38987 2.44058 2.35425 2.17723 2.3082 
2.22999 2.28349 2.3887 2.49843 2.45367 2.33266 2.3148 2.1903 2.28052 2.44881 
nb_request
3.43559 3.46395 3.47728 3.5749 3.59815 3.46081 3.53785 3.45218 3.4099 3.36115 
3.98176 3.91399 4.02428 3.93157 4.01429 4.01367 4.11702 3.94236 4.09259 4.07776 
2.04421 2.03431 2.21418 2.24643 2.13762 2.25384 2.23851 2.40833 2.34024 2.18743 
2.3555 2.38686 2.16202 2.23851 2.38809 2.31876 2.33575 2.38491 2.46517 2.38478 
nb_request
3.37977 3.35349 3.38354 3.56083 3.48251 3.5844 3.4937 3.3451 3.50905 3.56572 
3.93447 4.1485 4.02296 3.81518 3.97289 3.90496 3.94719 3.9476 4.05255 3.79456 
2.36092 2.28352 2.16796 2.05949 2.10569 2.21529 2.20151 2.37246 2.00236 2.29317 
2.2976 2.36875 2.30002 2.49612 2.34727 2.34983 2.27255 2.50347 2.3754 2.27852 
nb_request
3.37231 3.56573 3.42831 3.37087 3.53298 3.46713 3.5212 3.45125 3.44448 3.40269 
4.12105 4.0536 4.07146 3.978 4.11123 3.95367 3.93797 4.15142 3.85771 4.22334 
2.1732 2.20987 2.30158 2.15281 2.14404 2.16767 2.0959 2.1014 2.25454 2.25798 
2.35995 2.41908 2.43895 2.458 2.29185 2.27268 2.24072 2.47407 2.4748 2.17971 
