10
nb_request
1.7115 1.61744 1.699 1.7049 1.7242 1.7632 1.72956 1.72847 1.63924 1.68019 
1.95141 1.97508 2.02441 2.02238 2.0114 2.046 2.12292 2.06399 1.93372 2.01048 
1.65256 1.66503 1.64784 1.7078 1.65399 1.7975 1.82605 1.81836 1.76796 1.65062 
1.81159 1.80077 1.92936 1.86346 1.94448 1.90198 1.84648 1.86513 1.877 1.90735 
nb_request
3.14948 1.93369 2.86148 1.86803 1.94085 1.88539 1.83802 1.97881 1.85239 2.60326 
2.44254 2.44557 2.40842 2.42514 2.40347 2.46328 2.42802 2.4485 2.42603 2.47578 
1.7244 1.90912 1.80808 1.82059 1.8714 1.86476 1.79187 1.86419 1.88449 1.89295 
2.04062 2.09377 2.09865 2.11233 2.17665 2.01907 2.13033 1.95575 1.98246 2.06297 
nb_request
1.89709 1.94984 2.51307 1.87987 1.84832 1.99897 2.77062 3.19071 2.04744 2.46969 
3.32434 2.61064 2.22684 2.37428 2.66185 2.39527 2.35524 2.39807 2.43853 2.39445 
1.99789 2.0058 2.01847 1.96655 2.03937 1.93656 2.0352 1.94084 2.02353 1.99248 
2.05573 2.14338 2.17991 2.10908 2.24759 2.07151 2.09466 2.09981 2.1753 2.19773 
nb_request
3.31794 2.18918 1.86205 1.73602 2.37495 2.26264 2.87651 3.20198 2.08493 3.02403 
2.30956 3.1075 2.33247 2.45613 2.46511 2.43839 2.30382 2.2937 3.4778 2.45386 
1.97549 1.97209 1.96822 1.99203 2.01745 1.95818 2.01398 1.99649 2.00873 1.9696 
2.12022 2.16577 2.14168 2.11358 2.20539 2.08306 2.18765 2.10666 2.11321 2.10683 
nb_request
2.1263 2.26614 2.2105 2.17534 1.86219 1.74445 1.73529 2.25771 1.85766 1.98652 
2.25892 2.31671 2.27225 2.57142 2.28602 2.29188 2.2496 2.23294 2.25094 2.31613 
2.03086 1.89954 2.29997 1.92658 1.8953 1.90475 1.92128 1.87149 1.88411 1.85339 
2.09116 1.98649 2.09723 2.10081 2.01339 2.04291 2.02256 2.05313 1.97118 2.01181 
nb_request
1.89927 1.87255 2.40564 2.21756 2.1472 2.10435 1.88193 2.0555 1.90259 0 
2.75067 2.26107 2.21813 2.77391 2.66019 2.30208 2.60878 2.34482 2.68263 2.31425 
1.91548 1.88341 1.92864 1.96401 1.87163 1.87716 1.92827 1.8893 1.92974 1.90456 
2.30549 2.08299 2.06579 1.99129 2.01485 2.04471 2.00703 2.03947 2.01758 2.07463 
nb_request
2.14027 2.42154 2.02188 2.30651 2.2699 2.13606 1.89858 1.75789 2.03615 2.09945 
2.60512 2.29446 2.55954 2.19616 2.75522 2.45912 2.33239 2.74109 2.61946 2.33858 
3.52195 2.48527 2.20747 2.18727 1.99342 2.89556 2.41259 2.15337 2.02301 1.98053 
2.68642 2.368 2.23443 2.15954 2.18909 2.54403 2.23804 2.14616 2.12339 2.15098 
nb_request
2.27677 2.04698 2.05615 2.04922 2.22871 1.91158 1.92958 2.33304 2.05503 1.86053 
2.29076 2.33595 2.27481 2.14762 2.67679 2.70894 2.29149 3.3361 2.5206 2.45761 
2.03861 1.98531 1.97752 2.01906 3.36247 2.33862 2.13396 4.39734 3.82525 2.99905 
2.22429 2.05359 2.11605 2.13079 2.64006 2.31315 2.30034 3.54418 3.26502 2.51653 
nb_request
1.85947 2.24522 2.94984 1.89638 2.1428 1.80664 1.99514 2.05694 2.11669 2.06866 
2.26082 2.20554 2.51274 2.31872 2.2069 2.23595 2.32959 2.29985 2.62001 3.25138 
2.5669 2.33882 3.14463 2.43546 2.12737 2.10695 2.12008 1.99393 1.95986 3.62831 
2.5331 2.3689 2.53062 2.28466 2.23457 2.16457 2.21595 2.10753 2.16466 2.60023 
nb_request
1.92925 1.90859 1.9095 1.68964 1.84364 1.93536 1.89158 1.92867 2.21836 1.91003 
2.41729 2.27322 2.23681 2.64533 2.26541 2.31205 2.63084 2.33899 2.09671 2.16765 
2.44466 2.20887 2.06982 2.09874 2.01476 2.02522 1.87571 1.89602 1.90266 1.84556 
2.35751 2.27977 2.24089 2.16228 2.14435 2.2356 2.09165 2.09187 2.04124 2.31771 
nb_request
1.76923 1.96704 1.84492 1.9131 1.78033 1.88715 2.03521 1.85372 1.90924 1.75396 
2.27372 2.25153 2.38937 2.1755 2.16763 2.26335 2.30317 2.60426 2.31687 2.19722 
1.87003 1.87419 1.92378 1.89907 1.92798 1.89797 1.95812 1.94387 1.90877 1.98651 
2.11048 2.06274 2.0265 2.04874 1.99101 1.97198 2.0009 2.06454 2.04766 2.08925 
nb_request
2.13228 1.91939 1.76621 1.73816 2.50173 1.91958 1.84102 2.0802 1.78813 2.06283 
2.6247 2.20777 2.13281 2.65056 2.42586 3.03763 2.42273 2.3038 2.61273 2.22032 
1.9091 1.93372 1.91066 3.32626 2.85309 3.70458 2.84656 2.36868 2.12559 2.49219 
2.01665 2.01901 2.11498 2.65001 2.51615 2.67902 2.49421 2.31298 2.24098 2.15948 
nb_request
2.07492 1.93305 1.95704 1.9803 1.75544 2.02857 1.92779 1.75592 1.89676 1.76797 
2.20583 2.13079 2.1736 2.2011 2.20732 2.1463 2.20269 2.20858 2.63767 2.23677 
2.00746 1.99646 2.02673 2.26211 2.04531 1.8801 1.84916 1.93409 1.86196 1.85274 
2.15332 2.39769 2.19527 2.18617 2.11443 2.03192 2.09153 2.06883 2.04133 2.06508 
nb_request
1.90606 1.89434 1.88707 2.2495 1.93008 1.91915 1.77876 1.89758 1.87209 2.14548 
2.319 2.31744 2.2112 2.15584 2.56444 2.38696 2.18281 2.52325 2.29752 2.39422 
2.36678 2.48528 2.30435 2.08498 3.37995 2.5074 2.24112 2.02844 2.40915 2.46025 
2.37321 2.40094 2.32123 2.41194 2.66278 2.42909 2.25984 2.23646 2.29617 2.447 
nb_request
1.96991 1.89351 1.81376 1.866 1.95226 1.92169 2.22922 1.74106 1.82574 1.94129 
2.35556 2.30516 2.23697 2.25106 2.28365 2.19799 2.28736 2.29191 2.3291 2.26327 
2.2537 2.16811 2.02674 2.04647 2.03206 1.89416 1.86927 1.88206 1.95438 1.90682 
2.29142 2.16762 2.16047 2.18265 2.16045 2.06474 2.20016 2.01994 2.00913 2.06169 
nb_request
1.93992 1.94509 2.23831 1.93714 1.92109 2.25251 1.91873 1.88432 1.86338 1.8957 
2.22143 2.27877 2.2302 2.33185 2.32093 2.25784 2.27207 2.3034 2.21539 2.31606 
1.96718 1.80138 2.04506 2.24306 2.27532 2.0462 1.98879 2.02632 1.86346 2.05932 
2.08524 2.07388 2.14972 2.40956 2.20432 2.17145 2.17653 2.17601 2.09358 2.11741 
nb_request
2.01742 1.9233 1.87435 1.87007 1.84382 1.95647 1.9271 1.88139 1.90942 1.97268 
2.30415 2.60544 2.29296 2.36487 2.32665 2.32077 2.37314 2.24034 2.35815 2.25898 
2.00696 2.03359 2.03261 1.99634 2.04511 2.01243 1.95419 2.0526 2.02664 2.02359 
2.13445 2.14111 2.10934 2.22623 2.16531 2.13761 2.17603 2.27477 2.17594 2.13716 
nb_request
1.95293 1.87018 1.92893 1.92868 2.08171 1.87521 1.93091 1.94604 1.92646 1.92973 
2.32134 2.41862 2.26945 2.37355 2.41568 2.3314 2.81898 2.33411 2.38258 2.36009 
1.95049 1.96174 1.86667 2.67965 2.27336 2.20283 2.00812 1.99106 2.15352 1.99105 
2.09517 2.03737 2.06937 2.42583 2.31874 2.12528 2.32296 2.44564 2.14659 2.11171 
nb_request
1.86752 2.05848 1.94493 1.94351 2.04261 1.97433 2.04072 1.95624 2.47665 2.20805 
2.39194 2.30015 2.3371 2.3199 2.33325 2.47267 2.31935 2.36315 2.35139 2.31674 
2.1715 2.10968 2.00628 2.17483 1.96882 2.25359 2.0042 2.03214 1.99505 1.93532 
2.3687 2.1422 2.15284 2.19528 2.24536 2.16428 2.13581 2.22978 2.0909 2.16883 
nb_request
1.91002 1.90598 1.90166 1.92901 1.94754 1.98088 2.05228 1.94726 1.91609 1.88939 
2.35129 2.38173 2.46499 2.41089 2.3859 2.37887 2.44227 2.4452 2.53716 2.46687 
1.8822 1.8752 1.86055 1.89166 1.91474 1.91245 1.91882 2.09037 1.89304 1.88868 
2.05026 1.95421 1.977 2.16702 2.10496 2.08778 2.08402 2.11576 2.115 2.06835 
nb_request
1.92884 2.08376 2.10531 1.91607 2.10518 1.8716 1.92756 1.89828 1.90171 1.92517 
2.4155 2.44935 2.52722 2.4215 2.52822 2.56611 2.44534 2.51055 2.42356 2.49434 
2.04364 1.96109 1.93841 1.85535 2.10078 3.01997 2.39871 2.1822 2.0867 2.03092 
2.16122 2.21247 2.11921 2.08341 2.1193 2.48666 2.38936 2.2643 2.15279 2.17174 
nb_request
1.85965 1.91419 1.85292 1.93315 1.96089 2.04676 2.0552 1.91072 2.08027 1.93411 
2.46531 2.41579 2.49447 2.44943 2.42273 2.47229 2.45575 2.45579 2.43251 2.3642 
2.91281 2.41454 2.12499 1.96106 2.06978 2.02876 2.97317 2.28493 2.1656 2.18138 
2.51794 2.42253 2.23176 2.15773 2.13131 2.14102 2.5346 2.34733 2.34438 2.17864 
nb_request
2.04609 1.97531 1.96286 1.93318 2.09703 1.84715 1.95624 1.8776 2.02059 2.05336 
2.44372 2.49716 2.46173 2.41532 2.50754 2.49298 2.45249 2.47308 2.46182 2.43357 
2.01858 2.03405 2.01996 1.96525 1.97129 1.95552 1.87525 1.91497 2.17007 2.1585 
2.13675 2.21831 2.1424 2.1514 2.04878 2.09477 2.0184 2.12468 2.33964 2.18775 
nb_request
1.90441 1.92739 2.00482 2.04468 1.94743 1.92263 2.02514 1.91235 1.9327 1.87478 
2.44075 2.44566 2.45949 2.45822 2.45057 2.48441 2.48521 2.42571 2.4282 2.44128 
2.07476 1.98974 2.03441 2.01291 1.98551 1.97237 1.90447 1.95529 1.89808 1.89234 
2.20544 2.19819 2.14953 2.22624 2.15822 2.04471 2.052 2.26711 2.15245 2.08615 
nb_request
1.96768 1.92991 1.91641 2.00553 1.95742 2.06461 2.23387 1.87853 2.06122 1.9332 
2.50542 2.42069 2.44128 2.41135 2.5074 2.45715 2.44035 2.54746 2.44279 2.47771 
2.02809 1.98218 2.03143 2.01473 1.95013 1.97529 2.02312 2.00888 1.97836 1.85783 
2.15635 2.15567 2.14189 2.19257 2.11603 2.17269 2.07069 2.09182 2.1874 2.10911 
nb_request
2.10938 1.94695 2.16665 2.00234 2.02984 1.97285 1.91025 1.993 1.86706 2.02452 
2.49739 2.76605 2.43669 2.84968 2.46254 2.92892 2.81585 2.49482 2.44654 2.4223 
1.98958 3.19468 2.44002 3.60575 2.52763 3.83928 3.17759 2.41639 2.26814 2.11853 
2.13073 2.55049 2.41717 2.67135 2.4027 2.79012 2.57295 2.3636 2.34452 2.18813 
nb_request
1.91234 1.98802 2.01259 2.10668 1.95323 1.99448 1.92334 2.06882 2.04752 1.88794 
2.49679 2.5729 2.4629 2.48257 2.8012 2.54081 2.48438 2.42141 2.42649 2.48583 
2.03766 2.03431 1.99915 1.96548 3.26926 2.34538 2.3276 2.07811 1.99924 1.96068 
2.1716 2.17134 2.10894 2.14829 2.66365 2.37711 2.2937 2.17109 2.19539 2.1777 
nb_request
2.08812 2.09499 2.10081 2.07295 2.01468 2.05397 2.11261 2.12721 2.04417 2.08398 
2.48696 2.56186 2.58479 2.73377 2.62088 2.45773 2.727 2.48129 2.66115 2.92247 
1.94442 2.2558 2.17365 2.08417 2.14367 1.97416 3.26473 2.40314 2.34935 3.29954 
2.14781 2.41245 2.2831 2.22388 2.2334 2.1499 2.64452 2.4708 2.36745 2.74335 
nb_request
1.99609 2.09119 2.05973 2.02053 2.05884 2.13955 2.06858 2.01222 2.33362 1.99285 
2.51064 2.45151 2.5657 2.49079 2.54817 2.45864 2.50231 2.45622 2.54131 2.5434 
2.48973 2.29198 2.10987 2.09922 1.99412 2.02158 2.01833 1.91831 1.95351 2.01227 
2.45157 2.32197 2.22109 2.16161 2.1542 2.26421 2.17689 2.10655 1.97487 2.12494 
nb_request
2.03883 2.35312 2.09915 2.19505 2.10069 2.22573 2.00065 2.13885 2.02698 2.03013 
2.64479 2.49191 2.55764 2.69115 2.65136 2.59027 2.5777 2.45237 2.56434 2.56696 
1.93261 1.94619 1.91216 1.91448 1.92643 2.05341 1.95735 1.9453 2.31191 2.0707 
2.04985 2.0959 2.11813 2.13057 2.20385 2.00685 2.08137 2.34249 2.13166 2.24649 
nb_request
2.18844 2.31447 2.1353 2.17313 2.06265 2.02446 2.20324 2.05579 2.12555 2.12473 
2.62192 2.66389 2.61902 2.61544 2.69108 2.60836 2.50654 2.56475 2.73595 2.66326 
2.09296 2.04275 2.00552 2.08752 6.55228 2.078 2.04816 2.08735 1.89206 1.93296 
2.18878 2.17698 2.16125 2.14895 2.20705 2.14125 2.17858 2.2199 2.08478 2.11736 
nb_request
2.13837 2.15467 2.31851 2.24556 2.1499 2.16419 2.15151 2.28122 2.20188 2.19762 
2.55189 2.60851 2.60546 2.59034 2.67521 2.64869 2.55247 2.77024 2.60545 2.49238 
1.84552 1.89695 1.91129 1.91286 1.92541 1.95882 1.87721 3.42815 2.51018 2.30511 
2.07283 2.12216 2.06029 2.11348 2.1079 2.09544 2.05333 2.75869 2.47563 2.26271 
nb_request
2.30541 2.20152 2.1527 2.15873 2.07838 2.13832 2.35858 2.15406 2.22539 2.12671 
2.65084 2.60325 2.67328 2.55995 2.6175 2.64116 2.56544 2.64427 2.65245 2.58647 
2.15983 2.10529 2.10342 2.04966 2.07525 2.01741 1.95949 1.87783 2.0496 1.92826 
2.29011 2.23938 2.13737 2.16385 2.2336 2.20176 2.19017 2.20781 2.12795 2.1744 
nb_request
2.28474 2.23735 2.2082 2.23532 2.18578 2.25993 2.19688 2.41476 2.21005 2.22899 
2.66398 2.58839 2.66581 2.61657 2.61782 2.65352 2.59365 2.65198 2.69947 2.86837 
1.98969 1.99108 2.0496 2.06013 1.98325 1.99562 2.07237 2.00609 1.89768 3.58091 
2.13946 2.1656 2.15379 2.14444 2.16606 2.12793 2.14377 2.13692 2.05159 2.72545 
nb_request
2.16615 2.19718 2.26412 2.26172 2.20488 2.14899 2.24061 2.13614 2.14419 2.20062 
2.7194 2.79351 2.64151 2.77345 2.65635 2.68924 2.72627 2.71153 2.9431 2.67399 
2.54496 2.29048 2.09566 2.05228 2.02858 1.95801 1.98667 2.10187 3.53687 2.50371 
2.40025 2.30892 2.17923 2.32184 2.27842 2.15457 2.18837 2.22149 2.73827 2.43465 
nb_request
2.29994 2.20205 2.27649 2.36846 2.25976 2.24432 2.21049 2.21186 2.29811 2.23384 
2.68294 2.69305 2.69931 2.62118 2.81448 2.69969 2.73451 2.753 2.72082 2.76692 
2.29529 2.20119 2.12056 1.99446 2.02544 2.04902 2.15276 2.11122 2.10135 2.04301 
2.32137 2.37767 2.19391 2.2203 2.1548 2.25533 2.21186 2.2672 2.20482 2.17421 
nb_request
2.28259 2.37587 2.35989 2.32261 2.3587 2.33633 2.31774 2.29055 2.26306 2.29528 
2.77395 2.71424 2.78075 2.77735 2.71169 2.98404 2.743 2.78145 2.77576 2.72455 
2.03593 2.07261 2.12468 1.97147 1.85596 1.89472 1.91613 2.07022 1.88571 1.97021 
2.15558 2.25668 2.15027 2.11443 2.12177 2.12497 2.16687 2.15616 2.1293 2.20754 
nb_request
2.45494 2.32353 2.35493 2.41357 2.25978 2.3933 2.3498 2.33572 2.34446 2.34979 
2.73932 2.81853 2.75091 2.78933 2.76021 2.70195 2.83446 2.66404 2.7415 2.80261 
2.03544 2.14688 1.95716 2.04052 1.92114 1.84573 1.84219 1.99783 1.8621 1.98251 
2.2145 2.20663 2.16882 2.33938 2.15006 2.14298 2.089 2.12107 2.01681 2.19387 
nb_request
2.4132 2.26382 2.41318 2.26576 2.31988 2.25833 2.26846 2.31982 2.29977 2.33016 
2.88359 2.872 2.97403 2.8036 2.68736 2.7724 2.81176 2.81101 2.8013 2.76359 
1.96134 2.07196 3.03065 2.4866 2.27785 2.18443 2.07868 2.08619 2.02123 2.0529 
2.14482 2.28244 2.73351 2.44566 2.312 2.21456 2.2356 2.22251 2.27519 2.24765 
nb_request
2.33074 2.31008 2.33237 2.29812 2.37829 2.34531 2.26153 2.41375 2.41171 2.34169 
2.88274 2.94988 2.88136 2.97907 2.83795 2.89482 2.86238 2.83403 2.8507 2.84389 
2.07213 2.01905 1.99773 1.97565 2.01896 2.18475 2.04 2.03418 2.05215 2.11487 
2.1862 2.20737 2.17139 2.12561 2.14381 2.25747 2.28595 2.12961 2.20487 2.27833 
nb_request
2.36228 2.3609 2.38622 2.42577 2.41257 2.42067 2.40736 2.38446 2.48169 2.4162 
2.8044 2.77417 2.88593 2.82631 2.9051 2.90127 2.83993 2.80055 2.77567 2.92405 
1.98614 2.14086 1.99492 2.01731 2.02862 2.041 1.97481 2.1711 2.07721 2.00319 
2.18644 2.3681 2.26668 2.29633 2.37601 2.13687 2.24699 2.1635 2.11553 2.14471 
nb_request
2.49426 2.31486 2.46154 2.42197 2.36919 2.42278 2.43894 2.42497 2.29303 2.39956 
2.8834 2.77582 2.78164 2.90915 2.93345 2.91459 2.83906 2.83144 2.8872 2.8699 
2.03085 1.96187 2.03874 1.99002 2.04151 2.01643 1.96915 1.97688 2.01504 1.97823 
2.31707 2.25245 2.27272 2.15978 2.21794 2.14432 2.21584 2.19446 2.20095 2.19043 
nb_request
2.46163 2.38355 2.45981 2.45215 2.39919 2.43178 2.48789 2.43376 2.42984 2.54106 
2.91698 2.87547 2.87271 2.91301 2.92405 2.88941 2.85289 2.83116 2.90557 2.80964 
2.09141 2.02827 2.02074 2.04688 1.9067 2.31075 2.17748 2.00305 2.0635 2.05561 
2.36803 2.13822 2.09896 2.22388 2.11773 2.35552 2.21855 2.1853 2.22124 2.27211 
nb_request
2.43941 2.43572 2.46018 2.38273 2.44831 2.36498 2.49408 2.45902 2.44749 2.4301 
2.98365 2.88065 2.99858 2.93803 3.01176 3.00118 2.92965 2.98556 2.92989 2.94378 
2.0629 2.25798 1.95823 1.95331 1.99406 1.97998 1.90257 1.9778 2.03287 2.03524 
2.1856 2.24438 2.16623 2.08738 2.15897 2.1478 2.27162 2.32089 2.27764 2.21716 
nb_request
2.47273 2.40198 2.46154 2.4327 2.45595 2.53908 2.51157 2.44058 2.4193 2.44058 
2.94251 2.91372 3.06427 2.93607 3.05531 3.03656 2.97802 2.90033 3.03391 2.98582 
2.07331 2.03827 2.06208 2.04112 1.99791 2.1249 2.12108 2.10683 2.16503 2.14422 
2.21162 2.11877 2.29009 2.15287 2.16086 2.24521 2.2419 2.1823 2.34074 2.29948 
nb_request
2.40872 2.45604 2.42588 2.50763 2.50318 2.55582 2.51739 2.45801 2.33526 2.40257 
3.00856 2.90337 3.01565 3.03136 3.08489 3.11107 3.04615 3.45645 2.99105 3.03904 
2.06736 2.0866 2.01157 1.96178 1.9933 2.02622 2.09204 2.09379 2.05203 2.16897 
2.2847 2.17797 2.24877 2.28477 2.20716 2.30846 2.33458 2.17764 2.40064 2.23135 
nb_request
2.5787 2.5528 2.48015 2.62314 2.56969 2.51726 2.58828 2.58798 2.44069 2.58982 
3.00791 3.07575 3.04905 3.02277 2.98044 2.959 3.06629 3.03797 3.05123 2.93491 
2.06658 2.06814 1.96491 2.10988 2.05378 1.92919 1.95487 2.05 2.01545 0 
2.16705 2.13412 2.21676 2.25068 2.30411 2.1405 2.31738 2.16713 2.21463 2.26824 
nb_request
2.49977 2.49548 2.47526 2.58774 2.50895 2.47384 2.48171 2.49158 2.46697 2.56185 
3.03796 3.04127 2.98155 3.03803 3.0798 3.14693 3.04834 3.0398 3.0757 3.1284 
2.03085 1.9834 2.0997 1.97174 2.08914 2.03646 2.04662 2.0068 1.9839 1.90661 
2.20067 2.21307 2.24507 2.21363 2.23999 2.20747 2.16301 2.16163 2.09945 2.04058 
nb_request
2.37834 2.44317 2.43851 2.63207 2.4913 2.51273 2.53433 2.54289 2.51412 2.44816 
3.01028 3.03403 3.04069 3.09178 3.14542 2.96406 3.04663 3.1825 3.21385 3.07893 
2.19774 2.08622 2.09677 1.81423 1.93547 1.99837 1.95852 3.7336 3.72377 2.66498 
2.22898 2.23904 2.15055 2.33284 2.16912 2.05909 2.1592 2.78139 2.81901 2.55143 
nb_request
2.37679 2.56792 2.49184 2.47223 2.514 2.41587 2.56118 2.49001 2.48629 2.49263 
3.15858 3.22229 3.12969 3.20652 3.16546 3.16961 3.07677 3.19643 3.11387 3.08389 
2.29651 2.15852 2.08097 2.11472 2.05149 2.21536 2.30074 2.14808 2.03043 2.107 
2.34058 2.34139 2.25852 2.21065 2.26074 2.38504 2.24734 2.20152 2.24236 2.19455 
nb_request
2.58399 2.55508 2.47195 2.46305 2.50818 2.46804 2.67223 2.59556 2.52307 2.5374 
3.04012 3.13298 3.2248 3.15209 3.02793 3.02427 3.1013 3.10296 3.10318 3.06857 
2.05886 2.06903 2.02607 2.13177 2.05799 1.95594 2.01679 2.02736 2.0265 2.1039 
2.20403 2.2025 2.33067 2.19275 2.20852 2.17269 2.1967 2.25567 2.23439 2.22896 
nb_request
2.54413 2.4685 2.49888 2.47607 2.51006 2.53004 2.51218 2.48045 2.46654 2.48808 
2.99657 3.01107 3.06354 3.13724 3.05151 3.07414 3.12975 3.05062 3.0949 3.11948 
2.0206 2.17881 2.0373 1.96686 2.07932 1.97706 2.02531 2.06347 2.01172 2.06083 
2.15753 2.35793 2.19418 2.10896 2.2515 2.27268 2.24267 2.17872 2.2032 2.25067 
nb_request
2.56049 2.51921 2.4462 2.60404 2.60361 2.51176 2.58961 2.49794 2.53823 2.51176 
3.10233 3.15606 3.17766 3.08447 3.13805 3.04615 3.19113 3.09609 3.17611 3.08745 
1.96025 2.02507 1.95886 1.88984 1.95502 1.98374 1.97935 2.0503 1.94117 1.86738 
2.17376 2.1374 2.19386 2.13444 2.13985 2.12426 2.26264 2.18344 2.19769 2.30686 
nb_request
2.37821 2.57221 2.59346 2.52906 2.48385 2.49973 2.61206 2.65137 2.53057 2.59112 
3.07599 3.04976 3.10082 3.05757 3.06281 2.9882 3.07203 3.02918 3.10316 3.12031 
2.06763 2.25178 2.0936 1.96518 2.17008 2.03469 2.23595 2.09669 2.01367 1.98556 
2.2655 2.24534 2.18975 2.22492 2.23188 2.27072 2.20035 2.30726 2.15363 2.20404 
nb_request
2.52759 2.45384 2.55642 2.58733 2.57227 2.57902 2.54472 2.57246 2.60023 2.66178 
3.13985 3.14742 3.24047 3.20437 3.18174 3.10266 3.18872 3.11772 3.15372 3.20686 
2.12951 2.13703 2.01986 2.05459 2.05836 2.08764 2.08999 2.09224 1.98103 1.94646 
2.186 2.20557 2.31435 2.24371 2.1017 2.37637 2.14786 2.20358 2.23548 2.28874 
nb_request
2.63441 2.57909 2.59873 2.57333 2.63465 2.58579 2.64531 2.58674 2.61344 2.51942 
3.1926 3.19635 3.13949 3.20265 3.04998 3.15623 3.16609 3.16374 3.26415 3.06082 
2.07432 1.98283 2.14985 2.16495 2.15408 2.16315 2.09725 1.99874 1.94905 2.10562 
2.22376 2.27452 2.37438 2.381 2.17836 2.12792 2.2534 2.26122 2.1835 2.22346 
nb_request
2.62464 2.61478 2.60128 2.57149 2.55545 2.58978 2.67016 2.61657 2.58907 2.58816 
3.12428 3.11448 3.20157 3.17089 3.12201 3.16387 3.07244 3.1571 3.29777 3.11799 
2.13485 2.08166 2.05979 2.01302 2.0265 2.08158 2.15818 2.0139 2.15733 2.06799 
2.31835 2.23353 2.16617 2.2062 2.25047 2.32578 2.19483 2.15145 2.30544 2.16593 
nb_request
2.64418 2.60272 2.55026 2.59173 2.6291 2.46198 2.5036 2.51833 2.56559 2.64623 
3.18571 3.12232 3.22998 3.21603 3.27891 3.04882 3.12556 3.08216 3.07027 3.06555 
2.09753 2.04034 2.04348 2.06991 2.09857 1.96057 2.09709 2.03268 2.05164 2.07655 
2.13211 2.32712 2.19003 2.14477 2.16545 2.22752 2.26145 2.18383 2.24282 2.25784 
nb_request
2.66301 2.58448 2.57382 2.6631 2.68949 2.62206 2.59579 2.65947 2.64226 2.43571 
3.14417 3.25639 3.2035 3.18008 3.13588 3.16612 3.06962 3.28481 3.23147 3.23299 
1.99888 2.09044 2.01514 2.17089 2.13317 2.32912 1.95987 2.03793 1.97862 1.96905 
2.19598 2.23556 2.37971 2.30631 2.23025 2.27558 2.32041 2.20027 2.28476 2.20594 
nb_request
2.59258 2.52788 2.45469 2.567 2.56073 2.53132 2.52442 2.55445 2.52911 2.44674 
3.17977 3.10761 3.01459 3.0706 3.13076 3.08941 3.00355 3.10039 3.04018 2.9734 
2.02343 1.93908 2.04423 1.96641 1.90032 1.9641 2.13863 2.0312 1.89763 2.09796 
2.07238 2.09839 2.03279 2.17201 2.14137 2.17082 2.18584 2.08172 2.14379 0 
nb_request
2.60522 2.50826 2.61428 2.62904 2.55438 2.53197 2.66923 2.57359 2.59569 2.58892 
3.10592 3.13249 3.03927 3.09677 3.13705 3.08834 3.13056 3.08677 3.10094 3.13468 
1.90193 1.95993 2.01912 1.98067 2.03763 2.03285 2.00755 2.03761 1.87499 2.11661 
2.21086 2.29428 2.1676 2.13861 2.1827 2.2006 2.23922 2.00714 2.00583 2.2908 
nb_request
2.65974 2.52191 2.60712 2.54312 2.70056 2.69871 2.52443 2.56186 2.70117 2.66233 
3.12661 3.13734 3.10265 3.14528 3.08762 3.07376 3.16099 3.18306 3.00758 3.00632 
2.11679 2.0294 1.98938 2.03719 1.98971 2.16731 2.1962 1.91572 2.03869 2.17063 
2.32457 2.16774 2.22841 2.16667 2.28802 2.17136 2.21489 2.17236 2.26975 2.16575 
nb_request
2.61583 2.6078 2.54802 2.66742 2.64229 2.65915 2.5376 2.67671 2.55927 2.61562 
3.1396 3.18747 3.18735 3.25026 3.10067 3.23252 3.10481 3.16046 3.22842 3.13046 
2.08845 1.99834 2.1015 2.133 2.05138 2.04878 1.94463 2.03936 1.96372 2.13167 
2.41086 2.3493 2.20767 2.26237 2.35322 2.24039 2.13762 2.35931 2.20701 2.2635 
nb_request
2.58985 2.67599 2.74007 2.567 2.54604 2.70897 2.69898 2.45344 2.63155 2.66042 
3.23313 3.25212 3.16364 3.21178 3.14635 3.21699 3.06882 3.16249 3.22578 3.15815 
2.02681 2.05923 1.93091 1.99764 2.28887 2.09122 2.04887 2.19924 2.00595 2.13004 
2.30906 2.17505 2.27308 2.22028 2.22263 2.20527 2.15767 2.14931 2.18871 2.33241 
nb_request
2.73237 2.6565 2.54333 2.65323 2.67605 2.6028 2.65297 2.63594 2.68302 2.56193 
3.24333 3.12117 3.24435 3.16206 3.12244 3.21273 3.1986 3.20338 3.15611 3.20297 
2.2502 1.97796 2.05143 2.01998 2.11874 2.14682 2.10486 2.00615 2.05678 2.05444 
2.35995 2.25595 2.38412 2.30344 2.19741 2.15597 2.38306 2.214 2.26345 2.28241 
nb_request
2.59376 2.62895 2.65945 2.59323 2.73847 2.50549 2.50128 2.62538 2.68325 2.63342 
3.18025 3.2922 3.22619 3.2947 3.27388 3.17946 3.24661 3.17693 3.28263 3.26898 
2.05159 2.13992 2.08576 2.13071 1.9652 2.04221 2.13231 1.96959 2.06118 1.97835 
2.19475 2.26223 2.1304 2.34842 2.26547 2.23629 2.26445 2.22325 2.2697 2.16786 
nb_request
2.64673 2.56802 2.70657 2.61753 2.63059 2.66132 2.69448 2.63892 2.46656 2.64101 
3.21133 3.05435 3.17962 3.37883 3.31259 3.17514 3.27331 3.25312 3.252 3.32505 
2.10777 2.07956 2.14496 2.1006 2.01549 2.01862 2.02267 2.11968 2.27334 2.1198 
2.26135 2.21253 2.23648 2.43237 2.25914 2.27473 2.27844 2.18517 2.21317 2.25181 
nb_request
2.64238 2.76505 2.80881 2.73989 2.76718 2.73806 2.77896 2.63282 2.64259 2.8552 
3.2173 3.26363 3.25299 3.2404 3.17285 3.14656 3.25963 3.13344 3.13986 3.29822 
2.04648 2.02321 2.25675 1.99368 1.99925 1.9209 1.99603 1.9759 2.0225 1.91652 
2.42301 2.02837 2.23475 2.08847 2.28642 2.14384 2.10179 2.2503 2.46639 2.09374 
nb_request
2.69401 2.91166 2.71986 2.77153 2.72675 2.60804 2.68691 2.81522 2.75915 2.75752 
3.19735 3.18007 3.42576 3.22459 3.26639 3.23515 3.36866 3.22751 3.24598 3.18897 
1.96322 2.04822 2.08062 1.9183 2.08561 2.00432 1.81132 1.98647 1.97519 2.16228 
2.21543 2.21589 2.20149 2.08898 2.32516 2.22514 2.22202 2.21489 2.15198 2.15532 
nb_request
2.71863 2.70646 2.70077 2.60861 2.79306 2.85091 2.79674 2.64828 2.69074 2.85332 
3.3262 3.23079 3.38069 3.5417 3.36515 3.26362 3.23834 3.25219 3.17995 3.36824 
2.00584 1.98782 2.05752 2.096 2.25663 1.87652 1.9775 2.13907 1.96078 2.02778 
2.21946 2.37099 2.38776 2.2436 2.26991 2.20294 2.24177 2.38218 2.28974 2.1444 
nb_request
2.75822 2.69764 2.86031 2.75934 2.79867 2.83752 2.80062 2.76563 2.66809 2.66992 
3.25217 3.35478 3.434 3.34105 3.33744 3.3224 3.34471 3.27781 3.35223 3.34252 
1.96355 2.09878 2.07721 2.05524 2.08962 2.12014 2.05749 2.04745 2.19247 2.15624 
2.29375 2.27228 2.12282 2.30008 2.21334 2.31071 2.228 2.11794 2.18364 2.34833 
nb_request
2.84468 2.68624 2.88585 2.6578 2.75421 2.7896 2.81217 2.83623 2.78658 2.85679 
3.32928 3.31364 3.34036 3.34241 3.46084 3.36473 3.32357 3.44156 3.45178 3.32055 
2.08047 2.03024 1.9976 2.09075 2.355 2.01408 2.12928 2.06022 2.12496 2.02799 
2.28583 2.19586 2.27489 2.22841 2.19601 2.24521 2.16106 2.19384 2.26181 2.1624 
nb_request
2.86198 2.6719 2.84522 2.77667 2.74025 2.79669 2.77512 2.85107 2.78506 2.8285 
3.39356 3.31089 3.43045 3.3889 3.42441 3.27797 3.36726 3.33286 3.39806 3.46132 
2.0472 2.17509 2.12156 2.09637 1.99391 2.10382 2.04479 2.22416 2.19373 1.97589 
2.32756 2.25072 2.27576 2.23561 2.24391 2.27144 2.21786 2.26536 2.21987 2.3117 
nb_request
2.74347 2.96077 2.89787 2.89681 2.91571 2.92138 2.99399 2.75098 2.92493 2.8772 
3.5623 3.47851 3.35802 3.34623 3.24638 3.41613 3.39004 3.32225 3.34233 3.29369 
2.09312 2.06479 2.05177 2.08195 2.11683 2.10714 2.03966 2.0681 2.18 2.11838 
2.31124 2.16312 2.30865 2.34952 2.24382 2.21639 2.19301 2.2634 2.3054 2.24886 
nb_request
2.88489 2.84521 2.9583 2.8523 3.03477 2.7191 2.79872 2.81245 2.74344 2.95033 
3.40172 3.3206 3.35853 3.35554 3.40046 3.3313 3.41778 3.38196 3.48825 3.41972 
2.09119 2.17217 2.08139 2.13352 2.14194 2.20335 2.09752 2.07595 2.0388 2.06294 
2.25441 2.26871 2.38267 2.16413 2.37167 2.29407 2.20376 2.17897 2.23186 2.35247 
nb_request
2.91745 2.87556 2.91834 2.8256 2.88232 2.88118 2.91456 2.91921 2.93043 2.96264 
3.49949 3.30068 3.38985 3.46708 3.34839 3.33927 3.30391 3.52553 3.38968 3.4654 
2.15067 2.2344 2.08063 2.11547 2.19583 2.11116 2.17462 2.05955 2.00268 2.07133 
2.36202 2.3238 2.22517 2.4896 2.37243 2.26259 2.262 2.20047 2.2259 2.24394 
nb_request
2.89733 2.87867 2.90971 2.88296 2.9728 2.85445 2.89436 2.90757 2.95822 2.93962 
3.36423 3.48489 3.63369 3.37761 3.46765 3.52313 3.39631 3.51507 3.62258 3.53103 
2.09867 2.15886 2.11147 2.156 2.19843 2.18962 2.06903 2.09193 2.34199 2.23479 
2.26273 2.28438 2.34063 2.37061 2.42182 2.22907 2.30602 2.28034 2.45079 2.30531 
nb_request
2.88415 2.83375 2.93959 2.87743 2.88352 2.90534 3.01223 2.93425 3.35879 3.37282 
3.60739 3.44401 3.4681 3.36554 3.38324 3.47676 3.53302 3.84432 3.62225 3.71876 
2.09444 2.1689 2.13856 2.22544 2.33065 2.17295 2.04447 2.95348 2.60738 2.99871 
2.31924 2.66604 2.62668 2.44528 2.24285 2.23662 3.35887 2.80109 2.60567 2.84867 
nb_request
3.28581 2.97046 2.96116 2.95343 2.9715 2.99352 2.97035 2.95168 2.87562 2.97702 
3.79068 3.52068 3.54648 3.59142 3.59209 3.43562 3.59103 3.5365 3.51492 3.58109 
3.02703 2.45822 2.37079 2.35628 2.09965 2.07754 2.10925 2.14611 2.14623 2.15511 
3.1996 2.49198 2.37341 2.36113 2.35422 2.32527 2.29876 2.32259 2.23721 2.54892 
nb_request
3.03909 2.98973 3.11833 3.02215 2.89671 2.98802 3.00782 2.98769 3.10676 3.03077 
3.54906 3.47218 3.53545 3.58873 3.42893 3.5672 3.39806 3.48828 3.43222 3.52614 
1.95069 1.99067 2.10398 1.9572 1.96264 1.88085 1.99582 2.06554 2.03665 1.97117 
2.1248 2.29985 2.2693 2.57056 2.35842 2.24733 2.19741 2.1659 2.10625 2.26721 
nb_request
3.00933 3.02943 3.08685 2.96916 3.08983 2.88044 3.11654 2.97817 2.99902 3.04227 
3.55594 3.57044 3.63583 3.63229 3.61457 3.44763 3.48755 3.4896 3.43274 3.53265 
1.94801 2.01111 1.95174 1.98849 2.0928 2.04738 2.01133 1.94217 2.00963 1.91876 
2.32017 2.24882 2.21158 2.1541 2.19677 2.22457 2.16088 2.27034 2.31096 2.14844 
nb_request
3.05181 3.04093 2.88256 3.02292 2.98233 3.04417 3.01113 2.99005 2.98676 3.04088 
3.45601 3.50026 3.5696 3.53673 3.5723 3.65615 3.65837 3.51914 3.53738 3.44811 
1.96396 2.14453 2.08143 2.06204 2.13257 2.17549 2.21928 2.23518 2.1011 2.00596 
2.26198 2.36677 2.17723 2.27892 2.32286 2.27223 2.23582 2.2424 2.28238 2.15534 
nb_request
3.13591 3.04265 3.00392 3.01832 3.02157 3.0785 3.08785 3.03955 3.11394 3.1194 
3.50847 3.72716 3.61041 3.53769 3.58365 3.67632 3.56611 3.69037 3.51051 3.63174 
2.1371 2.12489 2.10346 2.14202 2.11154 2.1843 2.10735 2.15607 2.16069 2.19417 
2.26592 2.2985 2.24867 2.31962 2.29651 2.21593 2.26519 2.33806 2.30022 2.29864 
nb_request
3.10635 3.05678 3.01781 3.10091 3.04452 3.03427 3.07644 3.05783 3.06802 3.08566 
3.65854 3.70076 3.64928 3.53765 3.61346 3.6281 3.67504 3.6123 3.67057 3.58176 
2.16353 2.11496 2.13352 2.11527 2.08373 2.09044 2.19413 2.28953 2.24302 2.08498 
2.31017 2.21015 2.25748 2.25216 2.21059 2.22911 2.52725 2.25 2.32334 2.47279 
nb_request
3.08681 3.16868 3.1561 3.17216 2.9978 3.09115 3.10441 2.94735 2.98407 3.06537 
3.68249 3.73349 3.69817 3.76298 3.60732 3.59236 3.67091 3.68104 3.64566 3.52339 
2.09795 2.13869 2.14198 2.09266 2.08261 2.13091 1.98581 2.07192 2.1641 2.16335 
2.39603 2.32958 2.23843 2.30341 2.3543 2.37432 2.20352 2.21462 2.20808 2.25194 
nb_request
3.06583 3.24019 2.97501 3.18759 3.2008 3.10602 3.01518 3.12848 2.9936 3.11307 
3.7419 3.68094 3.70806 3.54913 3.60823 3.57967 3.68858 3.66343 3.5136 3.68494 
2.17841 2.06485 2.05461 2.07098 2.00628 1.99169 2.06811 2.12984 2.10607 2.07656 
2.27733 2.66369 2.54859 2.52836 2.17875 2.34074 2.30422 2.16244 2.28911 2.22244 
nb_request
3.13691 3.12242 3.10918 3.21872 3.14315 3.14113 3.2995 3.26782 3.21313 3.26206 
3.56715 3.79257 3.68503 3.69765 3.66849 3.52539 3.6164 3.65279 3.74972 3.6708 
2.14474 2.09411 2.19007 2.33718 2.26724 2.22162 2.13169 2.29733 2.12858 2.11403 
2.27138 2.23992 2.19255 2.408 2.29333 2.2096 2.38102 2.40764 2.37968 2.29331 
nb_request
3.21929 3.2784 3.19793 3.28587 3.06259 3.13852 3.14468 3.09621 3.04706 3.14854 
3.82932 3.72232 3.70971 3.70949 3.75013 3.78078 3.70426 3.62754 3.75573 3.71896 
2.06971 2.07091 2.08768 2.20558 2.0376 2.15358 2.14065 2.10959 2.05885 2.18368 
2.35606 2.28781 2.29263 2.33465 2.41313 2.15507 2.18125 2.14488 2.42474 2.41196 
nb_request
3.3104 3.20243 3.09068 3.11388 3.3022 3.15351 3.22193 3.15654 3.25279 3.33564 
3.76471 3.67104 3.74785 3.8197 3.80959 3.83752 3.83522 3.85054 3.61823 3.60622 
2.03271 2.24182 2.23718 2.1571 2.20636 2.20842 2.01631 2.13454 2.1879 2.10127 
2.32404 2.46533 2.35627 2.57118 2.23482 2.32374 2.24858 2.162 2.32375 2.27209 
nb_request
3.21249 3.16617 3.11644 3.1698 3.34451 3.14623 3.27131 3.21996 3.16978 3.23153 
3.77385 3.82427 3.84561 3.75098 3.85516 3.95192 3.83186 3.80559 3.81512 3.68834 
2.16225 2.07487 2.24319 2.08582 2.16502 2.37475 2.22207 2.22504 2.27001 2.10347 
2.3857 2.36996 2.21763 2.1686 2.399 2.46444 2.28367 2.23604 2.31912 2.42013 
nb_request
3.33605 3.2095 3.24531 3.30729 3.24553 3.15274 3.2284 3.29338 3.05645 3.27675 
3.63575 3.68981 3.86858 3.77664 3.83129 3.73242 3.68029 3.69762 3.71292 3.71473 
2.11797 2.18575 1.98667 2.1067 2.21348 2.02889 2.01646 2.21114 2.18107 2.11353 
2.37637 2.31933 2.36364 2.27418 2.23705 2.53625 2.28444 2.3493 2.2401 2.21918 
nb_request
3.20023 3.19071 3.32612 3.25508 3.12732 3.40052 3.21444 3.2501 3.3342 3.24298 
3.84473 3.68288 3.91464 3.73088 3.78494 3.94647 3.84655 3.69125 3.69142 3.83721 
2.10012 2.08888 2.05847 2.30027 2.30921 2.22035 2.16152 2.07155 2.22414 2.12808 
2.4212 2.28377 2.26158 2.33117 2.47948 2.54704 2.37363 2.35139 2.3562 2.46312 
nb_request
3.31799 3.17178 3.3227 3.4238 3.24396 3.40382 3.31897 3.31174 3.21024 3.40981 
3.68277 3.8611 3.7839 3.90719 3.89621 3.81907 3.78519 3.89739 3.92568 3.8276 
2.17261 2.01475 2.22119 2.0273 2.13825 2.15668 2.04789 2.0975 2.09957 2.28773 
2.26931 2.38629 2.30596 2.18566 2.34066 2.39563 2.2926 2.3797 2.25771 2.30976 
nb_request
3.38218 3.33599 3.27605 3.28006 3.31279 3.22559 3.19096 3.24243 3.30804 3.39102 
3.77274 3.75786 3.97371 3.79212 3.93926 3.85981 3.80582 3.97006 3.79324 3.82523 
2.16855 2.0816 2.15516 2.16063 2.12183 2.22962 2.02169 2.15694 2.57492 2.47706 
2.4206 2.17935 2.32555 2.36542 2.35319 2.25669 2.13885 2.39608 2.81995 2.86044 
nb_request
3.47948 3.31665 3.37472 3.32795 3.31978 3.33935 3.28833 3.23321 3.43699 3.40208 
3.91024 3.89462 3.8847 3.68407 3.90203 3.81198 3.81395 3.74266 3.88108 3.88081 
2.22716 2.14378 2.11979 2.13688 2.02185 2.00485 2.14216 2.32367 2.05128 2.09816 
2.27494 2.3438 2.41801 2.3264 2.20854 2.36751 2.27221 2.2008 2.3318 2.43116 
nb_request
3.19131 3.32994 3.33192 3.29368 3.30199 3.29842 3.36529 3.25749 3.36341 3.53071 
3.88634 3.86861 4.04811 3.79889 4.06944 3.82864 3.88619 3.77817 3.90822 3.9822 
2.0688 2.17289 1.98336 2.18139 2.04869 2.13678 2.07018 2.06872 2.18523 2.26085 
2.32264 2.32461 2.21307 2.31393 2.21564 2.2277 2.18362 2.47791 2.30614 2.12464 
nb_request
3.42279 3.18702 3.43317 3.46935 3.53575 3.3657 3.36765 3.33868 3.14829 3.3078 
4.04309 3.75903 4.02505 3.9264 3.935 3.89274 3.87348 3.86161 3.86556 3.90828 
2.06439 2.05074 2.08944 2.06313 2.29347 2.19643 2.00049 2.14419 2.24098 2.11254 
2.39266 2.20435 2.38315 2.47657 2.34508 2.3385 2.26431 2.30957 2.27828 2.31162 
nb_request
3.29428 3.28582 3.36969 3.48407 3.54186 3.40344 3.4531 3.49879 3.3744 3.37296 
3.99506 3.81272 4.03337 3.99596 3.88232 4.05869 4.03012 3.94108 3.96835 3.98237 
2.17083 2.18517 2.2931 2.17891 2.15503 2.18039 2.14546 2.10188 2.23379 2.3309 
2.30625 2.27285 2.27554 2.37315 2.27929 2.39287 2.13859 2.25197 2.15178 2.33445 
nb_request
3.48126 3.55634 3.45832 3.44892 3.45724 3.33334 3.39953 3.32902 3.3708 3.54324 
4.14267 4.09665 3.89547 3.97204 3.99812 3.81149 3.84437 4.08124 4.0329 4.10834 
2.09006 2.23308 2.27741 2.18799 2.04212 2.05998 2.19628 2.19098 2.22493 2.17313 
2.27645 2.30137 2.32745 2.24421 2.22848 2.33758 2.26913 2.29315 2.50342 2.22972 
nb_request
3.47577 3.53549 3.42632 3.52767 3.44602 3.45146 3.384 3.4257 3.32379 3.33426 
3.94587 3.93223 4.09566 4.00736 4.06425 4.00164 4.00943 4.04038 4.09412 3.95984 
2.27538 2.20038 2.13052 2.1507 1.99246 2.31395 2.64738 2.31809 2.19968 2.08928 
2.4103 2.25882 2.25863 2.33829 2.32353 2.59089 2.64391 2.65957 2.40777 2.40854 
