10
nb_request
1.95283 2.19387 2.06175 2.57945 2.1753 2.17306 2.06993 2.29341 2.35058 1.90047 
2.37569 2.37632 2.30153 2.40959 2.40985 2.31762 3.1113 2.41144 2.72616 2.43885 
2.60479 3.11708 2.23089 1.98903 2.07338 2.2276 1.98027 1.8976 2.21704 2.70018 
3.65118 2.36409 2.34073 2.27517 2.38997 2.91926 2.35784 2.21276 2.45842 2.11289 
nb_request
3.38515 2.53391 2.5111 2.16561 2.32836 2.67468 2.31977 4.01684 3.53453 3.66694 
2.50771 2.79409 2.62966 3.6354 2.50947 2.54079 2.47789 2.38301 6.17122 2.55411 
2.09421 2.42376 1.99087 2.42075 1.99343 1.97522 2.51304 2.34194 2.26898 2.28035 
2.20363 2.34148 2.33525 2.13394 7.1944 2.49814 2.20408 2.532 2.03683 2.41832 
nb_request
4.15941 2.63537 2.0975 2.44402 2.3382 3.61701 2.2994 3.13972 3.49909 3.66189 
2.52939 2.61063 2.41657 4.84018 4.2528 2.99083 2.39237 2.53506 4.54825 2.41792 
2.18839 1.93319 2.13063 2.18685 2.04418 2.0916 2.02982 2.30734 1.96346 2.26227 
2.41659 2.53212 2.33736 2.54521 2.40296 3.16401 2.19535 2.93837 2.28452 2.26223 
nb_request
3.74804 3.66758 2.14669 2.17716 3.30537 2.86012 1.99569 4.11723 2.24528 2.06542 
2.39037 3.97645 3.14101 4.51702 3.83435 3.66276 3.9863 2.63525 3.69151 2.99188 
2.22043 2.18327 2.37062 2.26515 7.41837 2.16176 2.3115 2.33377 2.16061 2.16381 
2.50764 8.23576 7.39866 2.33837 2.35486 2.16699 2.17623 2.39816 2.52651 2.19494 
nb_request
2.33793 2.1628 2.27555 2.03778 2.25316 2.40763 2.06425 2.03839 1.96373 2.26836 
2.43845 2.55341 3.70455 2.38007 2.84868 2.46998 2.40977 2.51977 3.68434 4.27605 
2.02545 2.03585 2.25254 2.069 2.12706 2.19521 2.81598 2.11632 4.73696 2.94319 
2.17455 2.36662 2.51973 2.2285 2.61071 2.15731 2.4016 2.15496 2.96555 2.65912 
nb_request
2.41809 1.84504 2.02664 2.10331 2.56977 2.24069 1.84653 2.09411 2.79341 2.98829 
2.55046 3.20041 2.26993 2.40891 2.41244 2.78171 2.42478 2.62475 3.02454 2.84206 
2.48906 2.15799 2.27508 2.05299 2.16924 2.60447 2.02138 1.94162 2.06117 2.13593 
2.75094 2.86215 2.91562 2.21683 2.3177 2.26727 2.47439 2.4417 2.20688 0 
nb_request
2.16485 2.53967 2.10854 4.46378 2.19419 2.26814 2.43027 2.58375 2.1631 2.4365 
2.8342 3.77329 3.90299 3.93446 2.60237 2.56336 2.30383 2.52122 2.67498 2.36537 
3.52405 2.55281 3.61235 2.88916 2.43179 3.35526 2.40183 2.33848 2.33447 2.44505 
2.99083 2.99647 3.19046 2.45537 2.32007 2.94188 2.40214 2.37246 2.54086 2.4722 
nb_request
2.23858 2.01968 1.98745 1.99219 2.02981 2.11661 2.13496 2.2453 2.2405 2.79481 
3.63047 2.55419 2.32001 2.59882 3.69703 2.75697 2.28594 2.32597 3.42636 2.50324 
2.65555 2.22633 2.25811 2.58457 4.77393 2.7418 2.53035 2.26917 2.19289 2.2531 
2.32417 2.82048 2.46077 2.90443 2.8479 2.77309 3.55808 2.25673 2.5716 2.42049 
nb_request
2.17327 2.19445 2.18482 2.01069 2.15195 1.9357 2.22398 2.49937 2.01025 2.05213 
3.62606 4.00894 2.53896 2.6193 3.37761 2.34025 2.22404 3.38711 3.94699 2.49267 
2.30498 2.70185 2.38329 1.99064 2.14845 2.13987 2.10009 4.01104 3.07492 4.10246 
2.49732 2.69656 2.55393 2.09386 2.71817 2.3961 2.2631 2.82135 3.0998 2.51784 
nb_request
2.02461 2.34299 2.11307 2.39669 2.55866 1.97081 2.39606 2.50019 2.52417 2.0249 
2.4797 2.55639 3.96109 2.33473 3.71526 2.68775 2.49887 3.04534 2.50502 2.62569 
2.27196 2.07924 2.25194 2.22139 2.04542 2.24117 2.03354 2.06382 2.19071 2.18177 
2.27188 2.51467 2.65642 2.3344 2.46278 2.28026 2.71072 2.29363 2.32076 2.68614 
nb_request
2.05003 2.53724 1.92994 2.41658 2.06873 3.01145 2.01463 2.05036 2.32627 2.12632 
2.77973 2.89456 2.61136 2.30653 3.10877 3.81308 2.57143 2.67925 3.11703 0 
2.24614 2.00682 2.27193 2.21475 2.34602 2.00832 2.11232 2.19694 2.7136 2.48539 
2.27185 2.22341 2.12413 2.23479 2.49216 2.16095 2.20821 2.58057 2.19769 2.34441 
nb_request
2.27938 2.55982 2.25892 2.40185 1.89093 2.19425 3.13726 2.37715 2.45655 2.21398 
2.57116 2.62251 3.88202 2.75265 3.03166 3.85955 4.40049 2.57929 2.37289 2.69324 
2.04494 2.03467 2.15407 2.2023 2.18268 2.52856 2.27661 2.11774 2.01879 2.15575 
2.57669 2.3451 2.11469 2.48676 2.21198 7.62409 2.71513 2.30866 2.11033 2.51131 
nb_request
2.13023 2.07814 2.22353 2.62207 2.0484 2.03282 2.29722 2.89683 2.88333 2.05465 
3.13402 2.56064 2.51926 3.98746 2.6788 3.42754 2.64549 2.67543 3.0554 2.77844 
3.62982 2.71379 2.45139 2.39093 2.74369 2.48838 2.22662 2.27678 3.30603 2.34648 
2.95573 2.52803 2.27727 2.57324 2.55084 2.5668 7.60271 2.34211 3.0027 2.46633 
nb_request
1.97109 2.30545 2.11173 2.49159 1.98666 2.07392 2.1244 1.96509 2.96038 2.12671 
3.09872 3.2555 2.37631 3.09526 2.67716 2.50503 2.71919 3.57791 2.73044 3.69473 
2.34251 2.45891 2.52776 2.74492 2.49551 2.13877 2.24069 1.94894 2.34815 2.38626 
3.29793 2.41437 2.42779 2.25783 2.27992 2.1539 2.1118 2.37317 7.48039 2.46864 
nb_request
2.41523 1.89359 2.24674 2.09038 2.03832 2.03749 2.31692 2.53461 2.62138 2.20706 
2.93774 3.12316 2.39899 2.3998 2.53793 3.13231 3.33517 4.34863 3.64334 2.55817 
2.05584 1.87787 2.44136 2.22283 2.12822 4.77192 3.58397 2.62407 2.42739 2.39566 
2.32757 2.32185 2.4567 2.17916 2.07567 3.16525 2.61833 3.97856 2.39577 2.30221 
nb_request
1.92465 2.66092 2.06645 2.06712 2.67235 2.31538 2.24092 2.30723 2.17183 2.19551 
2.59733 3.86696 3.0622 2.62882 4.32819 4.38103 2.64287 2.52954 2.60805 4.19524 
2.33836 2.13101 3.18144 2.25973 2.6133 1.87382 2.12119 2.3892 2.19727 1.93571 
2.4191 2.47948 2.33887 2.26254 2.22147 2.25487 2.56402 2.2125 2.2868 2.5436 
nb_request
2.4553 2.39471 2.50079 2.787 2.03454 2.15278 2.7924 2.7521 2.71491 2.50578 
3.09117 2.7295 3.92278 2.82191 3.70114 3.14528 2.72181 2.8312 2.58374 3.21034 
3.17391 2.36015 2.19247 2.49511 2.08072 2.11965 2.0666 2.42891 2.22071 2.33056 
2.71905 2.56359 2.52199 2.83891 2.83522 2.2503 2.30866 2.44091 2.71261 2.59346 
nb_request
2.35374 2.73071 2.20859 2.38845 2.34507 2.23052 1.96639 2.23625 2.52011 2.14372 
3.02392 2.61466 2.84852 2.71191 3.85552 2.7937 2.46243 2.94491 2.77331 2.76785 
3.02198 2.53339 2.29201 2.73982 2.25717 2.11243 2.04778 2.23851 2.22115 2.33111 
2.89136 3.05606 2.49391 2.84912 2.75631 2.39406 2.72049 3.09366 2.87296 2.37018 
nb_request
2.49983 2.54223 2.06157 2.09891 2.38051 2.46136 2.03956 2.27865 2.72821 2.27499 
2.72601 2.63403 2.88053 2.52094 2.37918 3.12724 2.85999 3.2195 2.8579 2.81916 
2.11702 2.10214 2.12861 2.15302 2.00695 2.21168 2.13719 2.46141 2.07041 2.20526 
2.45635 2.68688 2.87506 2.26004 2.57136 2.25261 2.32625 2.3243 2.24166 2.38938 
nb_request
2.3507 2.61369 2.25622 2.9177 2.22769 2.0583 2.88154 2.14537 2.17866 1.97798 
3.41153 2.98137 2.58555 2.80159 2.72213 2.84098 3.1846 3.13148 2.63252 2.86844 
2.17753 1.91135 2.08602 3.68731 2.57217 2.4429 2.63687 3.32252 2.72181 2.21211 
2.29076 2.34783 2.44115 2.96065 2.70405 2.60851 2.37898 2.6266 3.08678 2.3009 
nb_request
1.98598 2.66232 2.08459 2.36019 2.04725 2.47652 2.30404 1.90859 1.99576 2.35443 
3.093 2.93209 3.21941 2.55684 3.95916 3.27674 2.85533 3.0929 2.85916 2.77101 
2.59901 2.05478 2.10444 2.19062 2.13546 2.34437 2.15436 2.29332 2.21718 3.38333 
2.51205 2.46043 2.47296 2.94905 4.14681 2.2198 2.21805 7.58357 2.34273 2.85037 
nb_request
2.03125 2.31209 2.31467 2.51874 2.20193 2.50672 2.32692 2.57761 2.5588 2.99591 
2.52873 2.74331 3.5251 3.1633 3.11824 3.25887 2.85155 2.65828 3.0289 2.67816 
2.7139 2.3269 2.44314 2.21924 2.36721 3.93496 2.63674 2.39741 2.27297 2.55385 
2.57617 2.51651 2.40799 2.69586 2.48451 3.04549 2.66794 2.44268 2.54811 2.38597 
nb_request
2.03558 2.39434 2.3759 1.9284 4.19191 2.324 2.32666 2.27053 2.18225 2.50847 
2.82876 2.81507 2.95112 2.79497 3.06956 3.08989 2.84268 2.55659 2.99671 2.72412 
2.1367 2.0742 2.20088 7.52443 3.05605 2.63302 2.45319 2.14433 2.53726 2.61113 
2.40393 2.20696 2.813 2.3999 2.97789 2.70229 2.75905 2.52712 2.39041 2.29191 
nb_request
2.48713 2.1071 2.30473 2.73168 2.89991 1.98644 2.24546 2.32524 2.53265 2.38129 
3.20426 3.13333 2.72339 3.00632 3.14124 2.68698 2.93185 3.03497 2.7214 3.06116 
2.15048 2.08882 3.12971 2.39981 2.34863 2.53766 2.60717 2.81755 2.68276 2.54275 
2.27865 2.60901 2.75518 3.01251 2.45238 2.3192 2.46061 2.66036 2.50691 2.58689 
nb_request
2.38242 2.68028 2.42576 2.40601 3.23247 2.64125 2.24243 2.69559 2.88535 2.22031 
2.55018 2.75335 2.93889 3.17797 2.65028 2.6635 3.31844 3.11019 3.00822 4.17181 
2.3471 2.44312 2.24426 2.3666 2.40595 2.13402 2.43344 2.34156 2.3268 2.16652 
2.95154 2.83539 2.31737 2.17767 2.3539 2.67011 2.39153 2.55538 2.40089 2.22455 
nb_request
2.63126 2.11867 3.34729 2.18377 2.59054 2.4809 2.60861 2.51138 3.17761 2.73967 
2.83656 3.13717 4.0148 3.15119 3.20225 2.76058 3.86716 3.44018 2.97437 3.03587 
2.37262 2.48944 3.5126 3.12142 2.81619 2.4892 2.19322 2.47523 7.19951 3.21357 
2.61708 2.24911 2.68703 2.7772 2.70761 2.48605 2.18019 2.44466 3.38191 2.70592 
nb_request
2.33373 2.32145 2.55409 2.57633 2.31226 3.13831 2.45203 2.67702 2.56089 2.10432 
2.88016 2.94712 3.20809 4.60124 2.94304 3.90915 3.00761 2.90206 2.76897 2.9077 
2.99569 2.95015 2.21977 2.56717 2.17649 2.31849 2.25024 2.19788 2.40369 4.84306 
2.678 2.49894 2.38532 2.34522 2.51206 2.75952 2.35292 2.36433 2.32942 3.23727 
nb_request
2.39933 2.70585 2.89485 2.24249 2.32204 2.30389 3.53051 3.11131 2.21022 2.98901 
3.72888 3.23448 4.4017 2.92852 2.57099 2.64225 3.85171 3.08033 2.96418 2.85569 
2.74057 2.59352 2.35045 2.3495 2.28653 2.33476 5.17157 3.16777 2.96899 2.39908 
2.65298 2.84548 2.38897 2.56432 2.28029 2.3116 7.5092 2.61391 3.17961 3.09838 
nb_request
2.28751 2.15514 2.20719 2.23211 2.5919 2.49036 2.27796 2.53063 2.76976 2.34006 
3.01379 2.54026 2.96012 2.98332 3.00237 3.04385 3.17567 3.42817 2.72222 3.09541 
2.3166 2.22535 1.964 2.21404 2.17945 3.0716 2.15714 2.29539 2.28771 2.25268 
2.3309 2.42183 2.51649 2.72653 2.38133 2.40796 2.46212 2.81903 2.45814 2.38471 
nb_request
2.41655 3.14302 2.62243 2.44966 3.01271 2.47416 2.53647 2.594 2.54999 2.47374 
3.35716 2.7745 4.12142 3.66263 3.33175 2.75659 3.3551 3.13766 2.95157 4.14509 
3.74381 2.5642 2.4485 2.09096 2.33111 2.20654 2.12095 2.28862 7.19551 3.21589 
2.73674 2.48777 2.54463 2.23882 2.42898 2.44558 2.32017 2.53599 3.52655 2.93389 
nb_request
2.6836 2.69355 2.34046 2.90077 2.2037 2.41784 2.23424 2.20164 2.61852 2.63406 
3.19348 3.99239 3.16163 3.40215 3.01598 3.93655 2.819 2.93525 3.28853 4.01714 
2.66289 2.46928 2.55593 2.19869 2.21973 2.11327 2.10534 2.31801 2.32562 2.21095 
2.64381 2.36285 2.56354 2.39005 2.33131 2.41684 8.27871 2.34448 2.75101 2.36391 
nb_request
2.82712 2.58382 2.66466 2.49743 3.49563 2.68379 2.36949 2.17216 2.8264 2.56885 
3.27711 3.00253 3.83069 2.9447 2.9244 3.23332 3.08205 2.97042 3.88099 2.97808 
2.10459 1.8853 1.96915 1.96687 2.83455 1.91137 2.16965 2.46431 2.27378 2.33533 
2.9451 7.59609 2.54652 3.00875 2.4101 2.448 2.33284 2.27742 7.57651 2.83665 
nb_request
2.78766 2.3569 3.30053 2.40089 2.20365 2.87199 2.40973 2.69479 2.69725 2.72482 
3.28765 3.00875 3.77384 3.37534 3.25247 3.27997 2.88114 2.72073 3.12383 3.13985 
2.16936 2.1606 1.98358 2.45383 2.27133 2.06018 2.24642 2.12237 3.75432 2.78838 
2.29893 2.32681 2.37061 2.35472 2.27473 2.30246 2.59189 2.43218 2.97699 2.70174 
nb_request
2.93971 2.49875 2.70439 2.78993 2.82235 2.34761 2.5222 2.62345 2.93358 2.71192 
2.86093 3.29775 2.92839 2.68723 2.90828 3.13118 3.14479 3.00488 3.09916 3.13062 
2.35426 3.82659 3.12796 2.57776 2.60921 2.29394 2.30341 2.80134 2.44922 2.29109 
2.746 2.85207 2.82496 2.77468 2.42629 2.5498 2.65353 2.42535 2.16692 2.30471 
nb_request
2.64796 2.78535 2.42018 2.27408 2.51857 2.62608 2.54198 2.65086 2.5187 3.21397 
3.32462 5.08258 3.07822 3.07678 2.96295 2.86081 3.68641 2.85936 3.27679 3.00574 
2.60709 2.93427 2.27594 2.75329 2.87027 2.51795 2.33215 2.64993 2.24082 2.7027 
7.5794 2.40438 2.3696 2.38267 3.08321 3.95675 2.56602 7.66539 2.62097 2.64418 
nb_request
2.62817 2.82042 2.623 2.73573 2.66422 2.77541 3.57065 3.0583 2.52194 3.27727 
3.13265 3.68799 3.11615 2.91135 3.26596 3.30394 3.12566 3.45678 4.05383 3.08326 
2.07154 2.18537 2.176 2.13862 2.31964 2.33467 2.41486 2.16009 2.41626 2.1123 
2.42934 2.5728 2.44205 3.03088 2.22687 2.4706 2.45982 2.59824 2.37251 2.33699 
nb_request
2.55101 3.11811 3.28079 2.86438 2.81916 2.72001 2.45792 3.62994 2.97746 2.40978 
3.21096 3.26464 3.19088 3.3634 3.10841 3.54561 4.72102 4.39663 4.26683 3.23612 
2.2157 2.20034 2.02846 7.61206 2.28546 2.19566 2.27286 2.14175 2.13065 2.11219 
2.43221 2.36544 2.64713 2.44232 2.48197 2.28568 2.19777 2.56643 2.49466 2.51196 
nb_request
2.36649 2.61097 2.61541 2.56644 2.45589 2.80375 2.73722 2.77249 3.40605 2.45462 
3.35422 3.84168 3.00549 3.43787 3.39133 3.46357 3.0576 3.35551 2.96129 3.1661 
2.32978 4.94072 3.01025 3.37664 2.42099 2.2671 2.29875 2.39781 2.28955 2.87064 
2.35539 3.07171 2.93918 2.38672 2.52894 2.71658 2.47448 2.58482 2.30522 2.43409 
nb_request
2.61178 2.61747 3.05145 2.44341 2.3738 2.79546 2.65418 2.6566 2.49836 2.72339 
3.07669 3.10827 3.48426 4.30779 3.28502 3.01448 3.31996 3.73951 3.10616 3.46297 
3.40895 2.51816 2.5989 2.52165 2.26127 2.61691 2.2684 2.08244 2.30876 2.17901 
3.32514 2.75127 2.59912 2.8194 2.69064 3.05755 2.44617 2.61435 2.35768 2.54619 
nb_request
2.74933 2.55881 2.59605 2.5408 2.40201 2.49944 2.54808 2.72981 2.35984 2.67861 
3.32661 3.10319 3.70055 3.06742 3.06747 2.95566 3.02951 3.1175 3.22091 3.42486 
2.06583 2.15591 3.21971 2.08754 2.67707 2.19769 2.3634 2.16009 2.27118 2.36348 
2.5602 2.35935 2.6309 2.4411 2.2048 2.52107 2.22383 2.35831 2.31103 2.98552 
nb_request
2.5552 2.74665 3.23482 2.73362 2.66809 2.64531 2.8058 2.82638 2.79848 2.71974 
3.45089 3.46854 4.18005 3.84946 3.39308 3.43387 3.46479 3.53305 3.05908 4.64235 
2.18529 2.52755 2.27268 2.659 2.34027 2.53088 2.28754 2.73741 2.68849 2.68203 
2.37499 2.72745 2.90981 2.2276 3.2171 2.73977 2.2839 2.45494 2.67024 2.66217 
nb_request
2.72878 2.61933 2.66801 2.68379 2.83363 3.95196 3.04557 2.55294 3.01637 2.88029 
3.26527 4.24019 4.10633 3.63808 3.4096 5.53786 3.45634 3.42397 3.61964 3.38869 
2.16437 2.29838 2.26187 2.23904 2.45819 2.35188 2.0015 2.41737 2.2114 2.5146 
2.91071 3.20202 2.74734 2.91802 2.40485 3.33079 2.63021 2.69352 2.60997 2.19885 
nb_request
2.77015 2.50562 2.53394 3.09511 2.58692 2.58681 2.86927 3.03208 2.95811 2.86805 
3.25221 4.27735 3.82938 3.18846 4.20539 3.2954 3.16057 3.55308 3.4928 3.08271 
2.14941 2.78803 1.96056 2.27388 2.23017 2.20088 2.10397 2.32336 2.38724 2.15765 
2.33072 2.74164 2.7285 2.30899 2.54459 2.33822 2.50731 2.26394 2.57485 2.60903 
nb_request
2.74442 2.71606 3.05837 2.63677 3.04736 3.15792 2.57224 2.68693 2.71658 2.66009 
3.28514 3.31844 3.30461 3.09393 3.19668 3.57957 4.43292 3.06451 3.61818 3.8386 
5.11437 3.29795 2.69453 2.52106 2.40291 2.25718 2.31289 2.14748 2.53069 2.29997 
3.09915 3.11377 2.69124 2.54433 2.49052 2.18433 2.32394 2.43206 2.58258 7.51304 
nb_request
2.68532 2.76491 2.77406 3.57841 2.93576 2.56221 2.81026 3.76466 2.58914 2.94827 
3.54031 3.35117 3.22016 3.66634 3.28686 3.65434 3.52007 3.56393 3.44587 4.29204 
2.41013 2.00376 2.10938 2.57927 2.66879 2.55342 3.3657 2.40355 1.95537 5.50415 
2.52213 2.61633 2.35678 2.48909 2.45532 2.40474 2.40247 2.50176 2.4416 3.16452 
nb_request
2.61959 2.61384 3.98878 2.72606 3.93199 3.15365 2.85597 3.11384 2.82891 2.61181 
3.59521 3.46612 4.20302 3.71848 3.44152 3.49543 3.38636 4.29738 3.3352 4.98727 
3.22622 3.53202 2.87427 2.85351 2.53928 2.27676 2.04234 2.2037 2.31131 2.31601 
3.17498 7.7991 2.49355 2.44484 2.66392 2.55818 2.58077 2.29886 3.00329 2.70895 
nb_request
2.80153 2.58881 2.79681 2.79091 2.74586 3.00784 3.09012 2.82736 3.45518 3.07429 
3.48115 3.66734 3.26562 3.7349 3.598 3.42414 3.22784 3.40931 4.58184 3.376 
4.44232 2.84616 2.5143 2.61752 2.4435 2.20775 2.42471 2.13732 2.43518 2.1216 
3.1358 2.87143 3.09082 2.41904 2.71872 2.51263 2.43849 2.50052 2.64132 2.39619 
nb_request
2.68586 3.3337 3.10037 2.6413 2.85116 2.70689 2.81792 2.7418 2.61146 2.92496 
3.44324 3.38524 3.55196 6.28195 3.33605 3.50935 3.17263 3.31555 3.82059 3.60071 
2.12355 2.20373 2.30574 2.17076 2.12655 2.13015 2.31459 2.6439 2.07919 0 
2.24295 2.64561 3.37183 2.3598 2.58626 2.37301 2.46341 2.4132 2.28692 3.14977 
nb_request
3.90828 3.22767 2.70903 2.70107 2.64438 3.48746 2.48573 3.0072 2.65684 2.66575 
3.35388 4.18561 3.4191 3.49141 3.75166 3.86425 3.47545 4.56556 3.3189 3.33666 
2.34991 2.26049 2.24592 2.33521 2.29856 2.00244 2.28429 2.41981 2.37212 2.25597 
2.15683 8.25767 2.56363 2.24836 2.26963 2.62816 2.21987 2.19913 7.67276 2.34769 
nb_request
3.21519 2.76629 2.75338 3.02867 3.16286 2.94381 3.05988 2.85509 2.92626 3.15908 
5.63504 4.12216 3.38416 3.52607 3.38731 3.29563 3.82984 3.56606 3.47633 3.49964 
5.36385 3.85333 2.27418 2.7449 2.2611 2.70383 2.33549 2.36597 2.65229 2.51831 
5.38969 2.92115 3.06095 3.10574 2.73848 2.47015 2.51491 2.64432 2.45625 2.57547 
nb_request
3.19358 2.67795 2.77137 3.35284 2.9985 2.92467 3.23769 2.78188 3.19334 3.215 
4.41263 3.2194 3.49206 3.72357 3.67997 4.37804 3.13363 3.42465 3.45587 3.15631 
2.41684 2.14971 2.17962 2.95264 2.34791 2.72234 2.32853 2.57137 2.16529 2.19788 
2.50077 2.50687 2.43926 2.42406 2.22359 2.2617 2.49517 2.38237 2.4117 2.1393 
nb_request
3.92663 2.82816 2.89784 2.90228 2.76192 3.00195 2.8321 2.70122 2.72197 2.9719 
3.43145 3.59796 3.43829 3.69455 3.62593 4.90173 3.96174 3.25367 3.69454 3.55417 
2.8484 2.24089 2.20974 2.90541 2.07256 2.28905 2.54101 2.11615 5.38751 2.85349 
2.55986 2.34401 7.81065 3.09665 2.57909 2.64357 3.0678 2.42325 3.17472 2.83192 
nb_request
2.83825 3.66124 2.58934 3.20062 2.67612 3.35143 2.80083 2.7912 3.82065 2.92642 
3.52532 3.84236 3.51655 3.53782 3.68609 3.61922 3.81895 3.62022 3.3472 3.87323 
2.69043 2.5405 3.72226 2.19325 2.36148 2.50361 2.98758 2.40679 2.78455 2.37104 
2.76036 2.44758 2.43337 2.59202 2.28433 2.7033 2.6991 2.53163 8.55969 2.241 
nb_request
2.8033 4.11189 2.90827 2.93774 3.11396 3.30121 2.98208 2.80246 3.04693 2.97232 
3.49836 4.01891 3.51938 3.38412 4.33548 3.43797 3.63199 4.31226 3.95581 3.55004 
4.00741 2.9826 3.35923 2.55157 2.62477 2.44647 2.22395 2.19161 2.26499 2.42137 
3.1527 3.32137 2.59032 2.73175 2.34335 2.64087 2.57969 2.33707 2.2716 2.98897 
nb_request
2.55823 3.06744 2.74335 3.89067 3.37691 2.98264 2.73456 2.88661 2.857 2.95791 
4.09588 3.89697 3.62654 3.77471 3.58627 3.46706 3.73472 3.53677 3.20174 3.33222 
2.60943 2.24349 2.40445 2.25405 2.69616 3.23593 2.23889 5.01346 3.05968 2.59377 
2.48858 2.54995 2.60957 3.54922 3.3861 2.87277 3.25264 3.5269 2.88731 3.07875 
nb_request
2.95706 3.25047 2.99141 2.82478 2.90242 3.08178 3.27417 2.75651 2.83712 2.88566 
3.40138 3.82527 4.20636 5.0379 3.66971 4.89002 3.58893 3.76582 4.2331 3.69282 
2.32652 2.17456 2.28164 2.37339 2.2588 2.19348 2.19121 2.13706 4.3109 2.93456 
2.63945 2.70808 2.36125 2.72838 2.33729 2.54922 2.5785 2.43729 3.01541 2.83541 
nb_request
2.87124 2.97937 2.8133 2.83237 3.07695 3.08355 3.15912 3.6954 3.3018 3.14591 
3.40588 3.62993 3.73087 3.59777 3.29348 4.05155 3.61004 3.48814 3.67943 4.34852 
2.49593 2.42308 2.43271 2.52236 2.55775 2.42831 2.52464 2.3743 2.29537 2.50919 
2.68961 2.93048 3.15338 2.5331 2.62608 7.70828 2.1421 2.4361 2.55577 2.58276 
nb_request
3.07178 2.97156 3.03377 2.96339 2.72474 4.46156 2.94118 3.11169 3.38732 3.15382 
3.83577 3.90892 3.65816 4.49995 4.35966 3.4292 4.03629 3.73085 4.57701 5.24681 
2.4584 2.28982 2.46883 2.52177 2.98761 2.23558 5.08999 2.94996 2.69769 4.87685 
2.56945 3.03811 2.5903 2.47694 2.52226 2.64582 3.76335 2.85007 2.81822 3.34298 
nb_request
3.17531 2.81624 2.98717 3.81303 3.17455 2.90683 3.53932 2.71125 2.98488 3.26575 
3.83484 3.29952 3.60829 4.37966 3.89816 3.93166 4.47069 3.78959 4.25909 3.70569 
5.03175 2.98057 2.63045 2.47404 3.11723 2.68019 2.82478 2.24944 2.25192 4.2634 
3.53229 2.83573 2.70296 3.17372 2.43232 2.4251 7.84367 2.32902 2.27652 3.53869 
nb_request
3.40752 3.20667 3.52498 2.91552 2.80607 2.77199 3.17212 2.81024 2.73642 2.69849 
3.68732 4.00867 4.59004 3.60102 3.79606 3.62022 4.08589 4.56004 3.65077 3.8428 
2.83079 2.80232 2.60513 2.21746 2.71804 2.30844 2.07744 2.13805 3.72619 2.2316 
2.77794 3.21048 2.35739 2.38688 3.14651 2.51795 2.45877 2.44966 2.23009 2.74154 
nb_request
2.80896 3.10275 2.80197 3.48173 2.93478 3.59918 3.02884 3.297 3.30778 2.75522 
4.56458 3.91734 3.4128 5.88655 3.37276 3.71029 3.60741 3.30676 3.55309 3.61658 
5.1548 3.06327 2.90513 2.49209 2.32787 2.36411 2.40996 2.13327 2.24586 3.06806 
3.3558 2.62839 2.73076 2.44074 2.72984 2.75561 2.72342 2.42109 3.12336 2.58068 
nb_request
3.10165 2.85591 3.29188 2.82185 2.8416 3.07417 2.826 2.80141 2.76996 3.09889 
3.65701 3.74189 4.78925 4.03509 3.99967 3.71572 3.8441 4.03149 3.91034 4.8667 
2.26662 2.39284 2.28868 2.32195 2.34033 2.06827 2.45184 2.84919 2.29618 5.15995 
3.17152 2.68798 2.31223 2.76054 2.75795 2.45392 2.40032 2.73422 2.24065 3.42806 
nb_request
2.94128 3.53233 3.11055 4.25228 2.84178 3.4686 2.89754 3.62849 3.16474 3.18733 
3.64579 3.73958 3.85339 4.10719 3.58149 3.60006 3.77922 3.24121 4.56872 3.68407 
2.90123 2.39375 2.64901 2.22506 2.1973 5.30659 3.27181 2.71859 2.60774 2.52684 
2.75428 2.97139 2.38647 2.54889 2.50391 3.13682 3.09871 2.54862 7.80668 2.40181 
nb_request
3.02013 2.99441 2.82907 3.10987 2.93858 3.10372 3.63587 2.86076 3.00834 3.24742 
4.54326 3.81308 3.82373 3.76605 3.60643 3.61849 4.33337 3.72113 3.52762 3.78901 
2.24766 2.32869 2.11063 2.36393 3.65199 2.43701 2.53565 2.51053 2.19848 2.63195 
2.56543 2.58172 2.6292 2.50381 2.58381 2.80888 2.75186 2.59132 2.98583 2.61466 
nb_request
3.3796 3.03856 3.11617 2.99896 3.12164 3.01049 3.60449 2.93623 3.05516 3.32581 
4.78282 3.6938 3.23517 3.47096 4.45316 3.25357 4.04549 4.09901 3.77267 3.87333 
7.56131 2.40578 2.1066 2.48391 2.35454 2.8851 2.5128 2.40901 2.2629 2.32615 
2.6018 2.29347 2.79465 2.71291 2.33856 2.29691 2.69018 8.04692 2.74664 2.34728 
nb_request
3.97512 3.19584 3.33998 3.16379 3.10113 2.87165 3.05852 3.03067 3.23561 3.05067 
3.55385 3.58406 4.46301 4.16106 3.8061 3.63937 3.74826 3.78017 4.34833 3.59613 
2.65296 2.31091 5.7087 3.12721 2.41588 3.0366 2.67621 2.89243 2.4046 2.64418 
2.62011 2.76233 3.19033 2.81928 2.56617 2.66518 2.75504 2.62085 2.55193 2.69201 
nb_request
3.48257 3.12308 3.39417 2.99711 3.55645 3.60399 2.96335 3.0744 4.09357 3.32521 
3.49232 3.61949 3.54181 3.83611 3.36176 3.5344 3.18326 3.51941 3.7148 4.1216 
2.5449 2.40205 2.42219 2.16718 2.36985 2.22899 2.4254 2.16706 2.2152 2.48304 
2.53949 2.933 2.63124 3.00286 2.81816 2.84366 2.66145 2.785 2.26559 3.02127 
nb_request
3.59686 3.19076 3.41794 3.69389 4.43507 3.91376 3.03407 3.70611 3.35509 3.78747 
3.38509 3.65646 3.90126 3.87704 3.79248 4.13507 4.45194 6.18817 3.92034 4.0328 
2.21758 2.17676 2.32931 2.09521 5.26093 5.4353 2.92877 4.9459 3.29824 2.63438 
2.59807 2.30156 2.40806 3.60273 2.9777 3.35584 2.60429 3.14631 3.22539 2.76027 
nb_request
3.04161 3.60045 3.29505 3.1543 3.38149 3.33933 3.27474 3.09522 2.71844 2.9626 
3.53105 3.6501 4.77229 4.81298 4.50226 3.94486 3.8801 3.64113 4.08461 3.6691 
2.60606 2.59165 2.8607 5.1392 5.21724 3.51073 2.70243 2.36501 2.31056 2.31979 
2.9461 7.97949 2.63227 3.41949 3.40232 2.70762 2.67716 2.36288 2.48985 2.8711 
nb_request
3.4194 3.42929 3.41281 3.27249 3.10501 3.4929 3.11648 3.79415 3.38331 3.03428 
3.94311 3.85339 3.79922 3.61296 4.92524 3.68016 3.73679 3.74341 4.49213 3.84925 
3.1193 2.53054 2.39237 2.64027 2.43155 2.30644 2.38678 2.0324 5.17216 3.23466 
2.42831 2.71371 2.82206 2.42312 2.50111 2.65482 3.14543 2.43077 7.80296 3.63294 
nb_request
2.94969 3.54249 3.3535 3.38841 3.66719 3.41416 3.78948 2.97316 3.063 3.48783 
3.51035 4.86741 4.39948 3.74834 3.80603 4.1541 3.56111 4.11553 4.13724 3.5831 
2.78603 2.83606 2.57037 2.42547 2.47861 2.55431 2.28474 2.3464 2.56565 2.39972 
2.47772 2.46599 2.45127 2.99928 2.52002 7.77039 2.67408 2.66032 2.40885 2.66407 
nb_request
3.36425 3.49196 3.77826 3.80212 3.51079 3.69194 3.5062 3.9894 3.45949 3.58378 
3.60593 4.40321 4.17422 3.68522 3.69399 4.03143 3.88844 4.18771 4.40168 4.07945 
5.73517 2.96431 2.92306 2.30474 2.80392 2.524 2.49879 3.13835 2.16102 5.4327 
3.28813 2.76301 2.6588 2.48958 2.48974 2.46486 2.89602 2.67459 2.41212 8.58193 
nb_request
3.05828 3.25834 2.9842 2.99972 3.30386 3.58385 3.35114 3.00902 3.69897 3.07612 
3.83647 4.40599 4.40942 4.49962 4.00493 4.19779 4.89509 3.93332 3.96521 3.44942 
3.15186 2.57342 2.68755 2.31677 2.65465 2.63441 2.36219 2.46664 2.47138 2.41061 
3.08069 2.73388 2.40767 2.51015 2.60149 2.44014 2.61591 2.802 2.58743 2.56257 
nb_request
3.64366 3.77511 3.65652 3.2852 3.67846 3.31469 3.16775 3.78313 3.40652 3.41336 
4.19428 3.78167 4.31175 3.90236 4.09212 4.16791 3.63898 4.27077 3.86939 3.99686 
2.56599 2.79489 2.41389 2.4927 2.17138 3.21433 2.27769 2.67202 2.37232 2.32826 
2.44326 2.38573 2.38873 2.63997 2.41744 2.39003 2.26532 2.54135 2.40712 3.25943 
nb_request
2.89797 3.11132 3.32134 3.5936 3.74781 3.61387 3.44187 3.29362 2.99754 3.63829 
3.97757 3.97941 3.84021 3.61297 4.16304 4.12239 4.40072 3.53871 4.06482 3.90283 
2.34706 2.54748 3.72596 3.55099 5.30914 5.06088 2.94979 2.77388 2.36451 2.49551 
3.18637 2.71458 3.43016 3.49233 7.79523 3.44731 3.19366 2.86593 2.60793 2.43634 
nb_request
3.45957 3.72462 3.99375 3.56745 3.61937 3.91303 4.02889 3.56487 3.86195 3.36847 
3.5994 3.9598 4.49329 4.16913 4.22994 4.56821 4.22469 4.22663 3.90284 4.6511 
2.39532 2.08869 2.46018 2.84412 5.12578 3.40766 6.09466 3.49321 4.93864 3.14165 
2.50799 2.38062 2.39308 3.14867 3.26385 3.07694 4.06365 3.22816 8.16812 3.15651 
nb_request
3.46964 3.12517 3.79957 3.3909 3.34333 3.39442 4.49619 4.75117 3.35689 3.41613 
4.24931 3.80419 4.2252 4.08852 5.4021 4.24435 5.00397 5.00743 4.66937 4.04905 
2.93725 2.7391 2.57449 2.48249 2.49579 2.31122 2.36773 5.42132 4.08671 2.88645 
2.8066 2.76043 2.90497 2.49983 2.45597 2.79371 2.87824 4.18998 2.99376 2.77983 
nb_request
3.48647 3.53508 3.35418 3.15282 4.34396 3.89171 3.91348 3.58449 3.62276 3.52373 
4.16202 4.69308 4.04636 3.88383 4.40787 4.47594 4.04692 4.38385 4.08248 4.49748 
2.6258 2.32735 2.28562 2.59775 5.12933 3.07677 3.62255 2.76477 2.76398 2.48994 
2.54838 2.33464 3.17591 2.40404 3.04179 3.5694 3.06626 2.98781 2.74266 2.81251 
nb_request
3.559 3.34814 3.41893 3.56825 3.27244 3.2289 3.49917 3.76415 3.48503 3.50088 
4.17618 4.40287 4.07567 3.85335 4.04716 4.1849 4.50186 4.06883 4.25675 3.74217 
2.3523 2.29036 2.43333 2.26161 6.07175 3.15265 2.96417 2.42315 5.24333 3.20663 
2.32499 2.79431 2.57435 2.64826 3.53306 3.39483 2.54511 3.04584 3.39351 3.16209 
nb_request
3.52607 3.58278 3.83155 3.78161 4.18801 3.70036 3.67982 3.58068 3.93582 3.91429 
4.52148 5.08625 4.26402 3.62441 4.01507 3.887 3.8275 3.88837 3.86919 4.06113 
5.3383 5.09117 2.97767 2.72959 2.41171 2.64231 2.37545 2.79395 2.32144 2.82839 
3.30138 3.52213 3.30827 2.76387 2.68515 2.39508 2.54066 2.3326 2.49514 2.30614 
nb_request
3.36783 3.26848 3.86989 3.64865 3.93465 3.78108 3.2979 3.37951 3.31266 3.3941 
4.02822 4.43157 4.12348 4.45161 4.25895 3.9942 3.82354 3.98483 4.05201 4.21947 
5.13449 3.16284 2.64911 2.63888 7.66194 3.27699 2.95479 5.09221 5.12388 3.16507 
3.0619 2.86081 2.82475 2.57715 3.5387 3.10295 2.58375 3.41522 3.16368 3.31259 
nb_request
4.07096 3.74423 4.02227 3.58989 3.41413 4.11973 3.38964 3.4553 3.57367 3.75043 
4.37858 4.18694 3.72685 4.55171 4.78309 4.65391 4.47212 4.21669 3.69802 4.33581 
2.7331 2.71694 2.73295 3.07159 2.41799 5.14893 3.54689 2.87666 2.50308 2.70043 
2.52374 2.47767 2.45802 2.39195 2.74968 3.52018 4.22673 2.56384 2.47213 2.71654 
nb_request
3.60763 3.84533 3.90441 3.4771 3.81992 3.52994 3.29319 4.28748 4.31532 3.6208 
3.9508 4.20539 5.14391 3.7143 4.16861 4.25749 4.88076 4.52914 4.20395 4.53644 
2.4633 2.23062 2.45891 2.41342 2.44749 2.22578 7.53193 3.50138 2.77923 2.7496 
2.43743 2.46597 2.64505 2.6694 2.50109 2.41522 3.54548 2.9565 2.59417 2.75473 
nb_request
3.35906 3.40841 3.91691 3.82174 3.43145 3.71035 3.39938 4.30367 3.49486 4.08717 
3.92296 4.76691 4.29921 4.12993 4.08181 3.98785 4.11034 3.91955 4.50604 4.40729 
2.41515 2.61628 2.69592 2.30026 2.45106 2.42871 2.56452 2.46994 2.41748 4.5826 
2.68148 2.76539 2.43328 2.63635 2.43835 3.12988 2.83955 2.47017 2.72996 3.52921 
nb_request
3.42571 3.90979 3.59379 3.92988 4.37232 3.32409 4.03681 3.85826 3.67481 3.69044 
3.74497 4.53108 4.11166 4.25376 4.87798 4.49408 5.09438 4.18827 4.61182 4.68858 
2.84188 2.68195 6.18175 2.88986 2.81806 3.02483 5.85089 2.92985 7.05756 5.20583 
2.61318 2.95398 3.33442 2.68209 2.56861 2.53494 3.26046 2.9264 4.1611 3.22452 
nb_request
3.57421 3.4668 3.89534 3.89126 3.87438 3.68153 3.82274 3.79242 4.01801 3.63177 
4.13044 4.09418 5.0792 4.72179 3.98651 4.63014 3.72977 4.10018 5.18647 4.05998 
3.10235 2.97866 5.18148 3.76821 2.86239 5.07673 3.52271 3.51886 4.55557 3.63938 
3.35881 3.15009 3.25902 2.85932 3.02275 3.35585 3.054 3.25213 3.48294 3.26083 
nb_request
3.34287 3.62255 3.69317 3.95742 4.00774 3.99206 3.53869 3.47089 4.24027 3.27594 
4.26447 4.17397 4.32918 4.26735 4.89696 4.35047 4.82949 4.17031 4.85346 4.23049 
2.78399 2.86348 2.75613 2.18473 2.47577 2.27488 2.80162 2.79103 5.45261 3.05318 
2.87908 2.48689 2.8314 3.06351 2.40935 2.86858 2.30899 3.08166 3.29444 2.8065 
nb_request
3.77736 5.13147 3.90759 4.12708 3.54053 3.64863 3.50359 3.60116 3.73763 3.95122 
4.14356 4.34408 4.15315 4.23077 5.29309 4.83632 4.10748 4.21406 4.12033 4.57143 
3.13669 2.85315 2.43867 2.72833 2.70544 4.68344 2.97316 2.8096 2.58329 2.81424 
2.6876 2.40584 2.59709 3.65173 2.76499 3.56832 2.84693 2.54166 2.68769 2.71671 
nb_request
3.77809 3.62083 3.24397 3.66237 3.94098 3.98159 3.97975 3.89407 3.74085 4.10739 
4.18326 4.48358 4.91124 4.88318 3.84153 4.96976 4.16239 4.35592 4.26319 3.96882 
2.5485 2.50616 2.35558 2.20695 2.44493 2.30127 2.48791 2.48081 2.48695 2.39978 
3.3504 2.95553 2.38639 2.55355 10.5856 2.64345 2.89051 2.36902 2.83405 2.51289 
nb_request
3.90871 3.78541 3.7537 4.16754 4.16701 3.89174 4.36157 3.55589 3.70407 3.88797 
4.58224 4.15233 4.47161 4.69029 5.25209 4.15747 4.95745 4.57361 5.13025 4.8625 
5.34992 3.53426 2.48254 2.54264 2.52146 2.45708 2.81505 2.56354 2.70257 5.69571 
3.30035 2.9521 3.15312 3.10915 2.42659 3.07706 3.11277 2.43644 2.38081 3.99181 
nb_request
4.14487 3.95122 3.8924 3.53323 3.42997 5.19472 3.97372 3.66222 3.75173 3.88337 
4.6217 3.98733 5.75179 4.20758 4.3814 4.47777 4.47041 4.41939 5.08212 4.97668 
4.61491 3.4124 5.74935 3.16537 2.78653 2.72345 2.57238 2.60528 2.14691 2.43988 
3.3446 2.62604 3.39519 3.04904 2.98472 2.78965 2.5197 2.37132 2.52577 3.76131 
nb_request
3.62784 5.14951 4.08862 4.32459 3.93899 3.82873 4.66604 4.43328 3.97786 3.33951 
4.69846 4.49716 4.69115 4.85958 4.4897 4.07641 4.41287 5.62256 4.68606 4.81071 
2.33354 2.10359 5.80135 5.24504 4.48396 3.18111 7.3971 7.98641 3.91823 3.50815 
8.15899 3.51071 3.79365 4.35121 3.35893 3.01204 3.94922 4.11413 5.95056 6.42722 
nb_request
3.9131 4.43946 4.26251 3.83202 3.78743 3.90558 3.7386 3.86449 3.54586 3.71808 
4.29733 4.21494 4.52062 4.51901 4.60523 4.52341 5.48698 4.32564 4.96817 4.39982 
3.07212 4.62335 3.6499 3.16062 2.74613 2.42553 2.45861 2.58536 2.77994 2.38033 
3.03496 3.63573 3.06073 8.24526 2.95629 2.46358 2.82838 2.33702 2.85323 2.91425 
nb_request
3.74633 4.25143 3.7712 4.28838 3.72546 3.79756 4.09911 3.84846 4.12562 3.68637 
4.80547 4.31549 4.51614 4.14375 4.61131 4.42441 5.7252 4.48624 4.80293 4.10678 
2.70822 2.36226 2.55423 2.55266 2.61121 2.56655 5.74365 3.14766 2.71891 3.06422 
2.64379 2.53408 3.20487 3.29761 3.25686 2.74428 3.63744 3.19262 3.5843 2.92832 
nb_request
4.51424 4.15435 3.84431 4.28668 4.04562 4.40768 3.74035 3.50628 3.66023 3.76732 
4.24775 4.43665 5.71021 4.89392 5.58053 4.29419 5.51077 4.74752 4.55144 4.27545 
2.51224 2.32008 2.61016 2.60589 5.48485 3.32698 5.67535 5.61791 3.03863 4.21223 
2.42875 2.63787 2.41873 2.81545 3.07017 2.70391 3.29366 3.74619 2.55448 2.79874 
nb_request
3.56027 4.19632 3.6746 3.62674 3.65831 4.32528 4.179 4.39798 3.74741 4.27486 
5.64597 4.31937 4.44439 4.35751 5.75115 4.20038 4.9408 4.29762 4.15425 4.44175 
5.35094 3.21684 2.69671 2.73948 5.91549 3.96402 3.0494 2.74011 2.54793 2.38587 
3.20496 2.97762 3.25992 2.80162 3.47072 2.92981 2.82524 2.58031 2.54652 2.55184 
nb_request
4.35848 4.08531 3.76264 3.77192 4.61702 4.18601 4.19567 4.12314 4.22415 4.76716 
4.16545 4.4319 5.17294 4.91732 4.2985 4.93944 4.70918 4.76187 5.55747 4.91183 
2.91511 2.44052 2.33037 5.56706 3.16952 2.89556 5.2805 6.21675 4.20811 3.19179 
2.58825 2.86315 2.55262 3.34643 3.0002 3.18661 3.91834 4.32049 3.33324 2.99395 
nb_request
3.598 3.85517 4.04263 4.49747 4.20882 4.22241 4.52678 4.08304 4.3789 3.73565 
4.84386 4.58636 4.67854 6.08706 4.84244 4.35834 4.7818 4.07242 4.95512 4.89612 
2.95994 2.71833 2.42613 7.725 5.65767 3.32421 5.19508 3.38119 7.27086 4.40022 
2.87192 2.79077 2.48529 5.6291 3.71125 3.12913 4.15408 3.43108 4.87483 3.44717 
nb_request
5.20592 3.84431 3.97159 4.95469 3.6562 3.65765 3.94373 4.44647 3.85956 3.85008 
4.44054 4.87524 5.40166 5.27292 4.99267 4.45632 5.13551 4.69825 4.83124 5.07033 
3.55505 3.42724 3.7882 7.78701 3.69372 3.98245 5.28845 5.18281 3.01967 3.95025 
3.58678 4.00581 5.37035 4.68039 3.41218 4.59359 4.95358 3.30151 3.61243 4.97419 
nb_request
120.128 114.199 115.26 116.473 116.067 116.034 116.008 116.261 116.518 -331220 
120.545 115.17 114.759 116.159 114.42 115.544 114.909 115.46 115.387 -331250 
120.097 116.235 114.328 116.972 117.706 117.59 114.799 114.853 117.003 -331278 
120.324 116.383 116.38 117.06 117.524 112.11 116.698 112.304 116.747 -331308 
