1.69977 2.01618 1.71877 1.87476 
2.19114 2.43668 1.84319 2.06726 
2.25656 2.51795 1.99567 2.13747 
2.49302 2.56383 1.98723 2.1344 
2.02221 2.30468 1.94873 2.03907 
1.84866 2.49165 1.90922 2.06438 
2.10882 2.49011 2.38604 2.28401 
2.07476 2.50407 2.70772 2.5104 
2.11378 2.42415 2.44223 2.32048 
1.91646 2.33843 2.0382 2.19629 
1.87139 2.29426 1.91903 2.04138 
1.97495 2.46389 2.54704 2.32035 
1.90778 2.23507 1.97161 2.13456 
1.94801 2.33527 2.42677 2.38387 
1.91544 2.2802 2.00338 2.13183 
1.97962 2.27479 2.03161 2.16577 
1.9176 2.34455 2.01841 2.1678 
1.93708 2.40258 2.10785 2.20987 
2.0513 2.35056 2.06514 2.1894 
1.93801 2.42652 1.91277 2.07244 
1.96635 2.47817 2.16178 2.21605 
1.95479 2.44283 2.3117 2.30072 
1.97694 2.46394 2.00834 2.14629 
1.94963 2.45195 1.97199 2.154 
1.99484 2.46516 1.985 2.13942 
2.00228 2.61208 2.75776 2.44318 
1.9895 2.51753 2.20169 2.24788 
2.07935 2.62379 2.38926 2.36767 
2.07732 2.50687 2.09089 2.19579 
2.12092 2.57885 1.99705 2.14072 
2.14078 2.62902 2.48196 2.16249 
2.20034 2.61006 2.15715 2.21225 
2.18998 2.61946 2.0326 2.19664 
2.2462 2.66196 2.16264 2.1955 
2.19646 2.73284 2.30991 2.3226 
2.26053 2.71859 2.10943 2.23815 
2.32026 2.77668 1.97976 2.15836 
2.35798 2.76029 1.96315 2.16431 
2.31524 2.81806 2.22518 2.31139 
2.34236 2.88168 2.05095 2.19906 
2.40581 2.84374 2.04352 2.23012 
2.40411 2.86257 2.00187 2.2166 
2.44807 2.87909 2.07044 2.21995 
2.4362 2.96027 2.01549 2.20777 
2.4576 2.98465 2.08747 2.22438 
2.45705 3.06876 2.05537 2.2656 
2.55285 3.01853 1.82128 2.21806 
2.50432 3.06178 2.01552 2.17846 
2.49356 3.08082 2.42097 2.34906 
2.48688 3.15231 2.15038 2.26827 
2.53785 3.09782 2.04742 2.22269 
2.49749 3.07288 2.04213 2.2218 
2.53828 3.12555 1.9611 2.18542 
2.54416 3.06598 2.09148 2.22934 
2.56557 3.16835 2.05967 2.23034 
2.59709 3.15921 2.08398 2.24815 
2.60214 3.15424 2.07948 2.23182 
2.57137 3.14253 2.05684 2.21329 
2.61292 3.1905 2.06831 2.26348 
2.52889 3.07103 2.0003 1.90991 
2.58706 3.10528 1.99689 2.17376 
2.6181 3.10312 2.0651 2.21695 
2.61297 3.1722 2.05008 2.27913 
2.62723 3.18392 2.07788 2.22335 
2.63981 3.18671 2.07874 2.27998 
2.61627 3.24218 2.05568 2.23628 
2.62717 3.24153 2.10025 2.26052 
2.73709 3.21249 2.01512 2.21171 
2.74507 3.25604 2.00355 2.20163 
2.73675 3.31469 2.03855 2.27528 
2.7616 3.33591 2.08582 2.23909 
2.79102 3.36887 2.09106 2.22053 
2.79325 3.37857 2.09765 2.26198 
2.88831 3.37559 2.09217 2.26034 
2.85995 3.38759 2.10988 2.27027 
2.90273 3.40293 2.11963 2.29679 
2.90957 3.49162 2.16508 2.32517 
3.00019 3.54634 2.3735 2.6151 
2.99106 3.57005 2.29462 2.45131 
3.01871 3.49862 1.99152 2.2607 
3.0201 3.53992 1.99214 2.22466 
3.00535 3.54541 2.11215 2.25959 
3.06616 3.60424 2.14216 2.28473 
3.06486 3.63275 2.15131 2.3043 
3.07739 3.65978 2.107 2.28742 
3.10258 3.64185 2.07474 2.35157 
3.1914 3.6626 2.19266 2.30764 
3.16191 3.73082 2.11178 2.30022 
3.214 3.75606 2.15236 2.32818 
3.20482 3.81427 2.19265 2.32643 
3.23514 3.73401 2.11617 2.31998 
3.25417 3.7971 2.16626 2.38686 
3.31348 3.83861 2.12635 2.31233 
3.29451 3.84898 2.2148 2.41161 
3.35185 3.84061 2.12696 2.31752 
3.32642 3.90548 2.11769 2.27099 
3.35762 3.90902 2.12558 2.33041 
3.40784 3.97 2.19755 2.27767 
3.4378 3.99833 2.1676 2.3011 
3.43305 4.01508 2.23178 2.43002 
