1
leopard
3.41427 
3.98391 
1.02739 
1.15678 
amazon
2.67373 
2.86617 
1.2514 
1.33807 
baidu
1.43103 
1.78288 
0.731003 
0.893516 
bing
0.905448 
1.59129 
0.713972 
1.04094 
ebay
2.5811 
3.02413 
1.46408 
1.45685 
google
0.923691 
1.486 
0.811772 
0.892138 
hao123
14.9882 
30.1683 
1.42586 
1.44399 
qq
5.27189 
5.77963 
1.79119 
1.98622 
sohu
5.84068 
6.30689 
1.95041 
1.94692 
taobao
3.3153 
3.67556 
1.181 
1.28519 
tmall
6.37607 
6.93261 
1.29047 
1.40662 
weibo
7.9677 
8.39676 
1.22377 
1.5379 
wikipedia
1.01234 
1.46924 
0.855672 
0.891641 
yahoo
7.31885 
7.94933 
1.73936 
1.61338 
yandex
1.65063 
2.11334 
0.846939 
1.04795 
youtube
3.00358 
3.39619 
1.33003 
1.30115 
