1
leopard
3.81146 
4.09354 
1.03542 
1.28342 
amazon
2.28842 
3.23114 
1.61299 
1.46738 
baidu
1.57621 
2.05521 
0.891071 
1.0239 
bing
0.857577 
1.59818 
0.716745 
1.03239 
ebay
2.83465 
3.72712 
1.70739 
2.11983 
google
0.995317 
1.48151 
0.827762 
0.925951 
hao123
17.8217 
36.2703 
1.40843 
2.00049 
qq
5.7066 
5.9935 
2.33358 
2.54558 
sohu
6.30172 
6.57852 
1.98896 
2.1155 
taobao
3.45094 
3.82496 
1.16844 
1.18373 
tmall
6.89053 
7.64465 
1.90787 
1.75275 
weibo
9.48982 
9.5883 
1.62309 
2.29422 
wikipedia
0.98395 
1.48827 
0.99564 
1.02742 
yahoo
7.96922 
9.06925 
2.06006 
1.65715 
yandex
0 
2.47984 
0.83484 
1.63876 
youtube
3.31013 
4.07087 
1.43548 
1.30501 
