1
leopard
3.99354 
4.8693 
1.07293 
2.20275 
amazon
2.45791 
4.1193 
1.78241 
2.32395 
baidu
1.30646 
2.18295 
0.846217 
1.14933 
bing
1.11749 
2.02412 
0.865712 
1.32983 
ebay
3.18411 
4.57758 
1.4723 
1.49645 
google
1.38856 
1.73285 
0.829113 
1.04272 
hao123
23.9916 
40.8481 
1.71802 
2.00382 
qq
7.00221 
7.00527 
2.56254 
2.47322 
sohu
7.19226 
8.23603 
2.25214 
2.08435 
taobao
4.37112 
4.78115 
1.59644 
2.1081 
tmall
7.92267 
7.93469 
2.20098 
2.38752 
weibo
10.5197 
10.6808 
1.81248 
1.72768 
wikipedia
0.988113 
2.21604 
1.1001 
0.896697 
yahoo
8.15905 
9.64651 
1.61228 
2.60118 
yandex
2.42045 
3.11965 
1.13445 
1.03568 
youtube
3.658 
3.86112 
1.89817 
1.44016 
