1
leopard
4.316 
7.07757 
1.16918 
1.59002 
amazon
3.24586 
3.48915 
1.58438 
2.35424 
baidu
1.50732 
2.32689 
1.80274 
1.05011 
bing
1.457 
2.32187 
0.897449 
1.35342 
ebay
6.18937 
4.50432 
1.59992 
2.66048 
google
0.982614 
2.33305 
0.819194 
0.959662 
hao123
28.6003 
46.1042 
2.51886 
2.97033 
qq
8.7658 
9.65079 
2.25152 
3.22302 
sohu
8.63696 
9.18459 
3.50924 
2.46619 
taobao
4.86333 
4.74184 
1.67338 
2.3656 
tmall
8.53382 
10.2299 
5.05289 
2.20448 
weibo
10.1613 
11.2811 
1.75065 
2.15377 
wikipedia
1.4751 
1.92831 
1.85056 
1.22834 
yahoo
11.2825 
11.3137 
2.0652 
2.40309 
yandex
4.59485 
4.02632 
1.318 
0.911467 
youtube
5.25811 
5.61185 
1.74638 
1.33678 
