1
leopard
4.67972 
11.0266 
1.19061 
2.2296 
amazon
3.05748 
4.60189 
2.90884 
3.26352 
baidu
2.93023 
2.33138 
1.04108 
1.08103 
bing
2.86921 
2.0764 
1.67825 
1.75714 
ebay
8.84654 
4.34969 
2.85833 
2.96812 
google
1.30594 
2.33493 
0.915679 
1.04414 
hao123
31.4936 
52.055 
2.77311 
2.21207 
qq
8.12035 
9.51877 
2.50116 
2.81864 
sohu
8.36439 
9.56365 
4.5723 
3.54214 
taobao
5.36277 
6.52991 
2.77922 
1.48661 
tmall
8.81705 
11.0311 
3.25281 
4.11504 
weibo
12.9246 
12.9473 
1.97858 
2.81474 
wikipedia
1.41398 
1.93098 
0.866398 
1.33408 
yahoo
11.1841 
14.1952 
3.88512 
3.6083 
yandex
2.12382 
3.26765 
1.35716 
1.06468 
youtube
3.84961 
5.39452 
1.58617 
3.30591 
