leopard 0.250752 0.297428 0.247258 0.312445 
amazon 0.475691 0.608863 0.554593 0.580798 
baidu 0.326199 0.289716 0.302937 0.364503 
bing 0.311098 0.323584 0.328938 0.331379 
ebay 0.614175 0.655458 0.619097 0.629619 
google 0.258622 0.311962 0.207985 0.317866 
hao123 0.520705 1.41711 0.59073 0.608839 
qq 0.681174 0.744179 0.69252 0.661258 
sohu 0.931356 1.03672 0.946951 0.904942 
taobao 0.536798 0.735586 0.501233 0.669417 
tmall 0.718213 0.764369 0.696185 0.736961 
weibo 0.521689 0.603789 0.57187 0.58533 
wikipedia 0.291402 0.371742 0.254621 0.274419 
yahoo 0.687889 0.82539 0.760234 0.830908 
yandex 0.224936 0.230479 0.223616 0.29171 
youtube 0.528196 0.483755 0.477569 0.518659 
