leopard 0.253919 0.288153 0.239682 0.281491 
amazon 0.5774 0.558515 0.545536 0.520196 
baidu 0.281409 0.359886 0.29442 0.354658 
bing 0.315553 0.333616 0.321827 0.338599 
ebay 0.625579 0.745704 0.584248 0.774612 
google 0.244846 0.313724 0.250224 0.2977 
hao123 0.530203 1.33941 0.572291 0.568417 
qq 0.658566 0.72045 0.661395 0.658537 
sohu 0.953137 1.03398 0.887873 0.898118 
taobao 0.55374 0.708028 0.498376 0.561032 
tmall 0.656057 0.723669 0.719787 0.735198 
weibo 0.498387 0.545022 0.527209 0.561924 
wikipedia 0.284613 0.255088 0.25589 0.32662 
yahoo 0.73024 0.802929 0.746324 0.783918 
yandex 0.228264 0.229313 0.201734 0.271278 
youtube 0.478901 0.510979 0.502132 0.54399 
