leopard 0.281647 0.275726 0.244989 0.279108 
amazon 0.549855 0.527008 0.534639 0.502981 
baidu 0.293048 0.306097 0.274631 0.3224 
bing 0.30431 0.321369 0.331795 0.341651 
ebay 0.607815 0.595136 0.60223 0.703649 
google 0.254298 0.312348 0.23365 0.375733 
hao123 0.520598 1.34869 0.580716 0.582283 
qq 0.688767 0.787789 0.67054 0.67122 
sohu 0.975254 0.925585 0.940752 0.897655 
taobao 0.569172 0.537892 0.543934 0.557791 
tmall 0.69718 0.699421 0.68049 0.705246 
weibo 0.518497 0.514749 0.562763 0.597714 
wikipedia 0.298358 0.291968 0.298598 0.257416 
yahoo 0.729577 0.85137 0.724279 0.745007 
yandex 0.21712 0.271495 0.219675 0.309681 
youtube 0.560513 0.468309 0.44745 0.550673 
