leopard 0.247281 0.280397 0.241519 0.287234 
amazon 0.520996 0.524364 0.512777 0.559669 
baidu 0.271871 0.344049 0.267142 0.279898 
bing 0.320703 0.321425 0.30859 0.344356 
ebay 0.559106 0.580949 0.60719 0.717862 
google 0.242352 0.305945 0.217494 0.353372 
hao123 0.552105 1.29715 0.609717 0.593649 
qq 0.686684 0.809657 0.664085 0.655085 
sohu 0.913779 0.992448 0.901253 0.897002 
taobao 0.560661 0.542792 0.528041 0.578476 
tmall 0.654157 0.707126 0.670103 0.738595 
weibo 0.508294 0.542689 0.556988 0.561277 
wikipedia 0.270183 0.31268 0.279402 0.37739 
yahoo 0.690142 0.82142 0.732642 0.674085 
yandex 0.256599 0.267705 0.209108 0.272909 
youtube 0.516735 0.473002 0.470832 0.477959 
