leopard 0.250086 0.281682 0.277571 0.272072 
amazon 0.524731 0.530551 0.505892 0.606645 
baidu 0.276265 0.30675 0.283348 0.408644 
bing 0.39552 0.323843 0.301837 0.340365 
ebay 0.592993 0.615773 0.646968 0.620113 
google 0.255522 0.312868 0.218504 0.219279 
hao123 0.554639 1.30877 0.592572 0.652687 
qq 0.649156 0.809156 0.676136 0.673357 
sohu 0.902785 0.935421 0.937918 0.985823 
taobao 0.558712 0.528104 0.525371 0.542828 
tmall 0.688522 0.682194 0.711938 0.715121 
weibo 0.508886 0.576858 0.566698 0.57438 
wikipedia 0.28883 0.371999 0.286461 0.359212 
yahoo 0.736614 0.751718 0.722425 0.730714 
yandex 0.228146 0.28883 0.237348 0.265273 
youtube 0.50064 0.471745 0.511262 0.486143 
