5
leopard
4.10675 3.78167 3.78042 3.89712 3.56019 
5.06877 4.4002 4.43046 4.38059 4.19378 
2.0681 2.26901 2.27685 2.07699 1.97386 
2.19183 2.4312 2.28276 2.32027 2.2243 
amazon
2.97719 3.05155 3.35815 3.30156 3.18162 
3.68301 4.15813 3.62043 3.58544 4.0899 
5.79242 7.47426 3.85472 6.50784 3.84892 
6.07475 7.10051 3.29923 3.6742 2.69633 
baidu
1.62839 1.75367 1.84108 1.79926 1.79464 
2.04058 2.31328 2.2964 2.62781 2.19978 
1.32497 1.21535 1.09945 1.27443 1.28548 
1.70658 1.86301 1.3092 1.29186 1.42921 
bing
1.14114 1.08821 1.24381 1.16162 1.08054 
1.84765 1.67153 1.80371 2.05886 1.74375 
1.11243 1.0949 1.19676 1.12564 1.12094 
1.34647 1.3374 1.70317 1.44186 1.43651 
ebay
3.41088 2.80593 2.67636 2.85738 2.79627 
3.92671 3.90561 3.78799 3.89107 3.36018 
2.10144 2.21094 2.22038 2.17804 2.52868 
2.14364 2.12484 2.20945 2.69145 2.11459 
google
1.21485 1.33028 1.64502 1.32713 1.40694 
1.65691 2.04154 2.58111 1.85785 1.90604 
1.55423 1.07033 1.9766 1.89454 1.67766 
1.28139 1.34775 1.75306 1.709 1.63333 
hao123
17.1068 16.3835 15.9264 15.104 15.5446 
3.16765 3.27727 2.95945 3.18357 2.58725 
4.39273 3.53738 3.13278 2.68342 2.80621 
3.14989 3.35711 2.84044 2.90269 2.8946 
qq
5.72929 6.04971 6.5408 6.05384 6.67786 
6.21631 6.89534 6.61205 8.03129 6.98793 
11.1887 11.0324 6.34133 6.64704 5.22431 
6.69743 5.39558 3.76142 7.73076 3.7187 
sohu
5.99002 6.13078 5.90876 6.29082 6.44831 
7.43133 7.06192 7.64137 6.7193 6.45502 
4.70253 5.53168 7.8234 9.1599 8.00854 
3.81957 6.07693 3.41403 3.91338 4.40885 
taobao
5.08837 4.1359 3.68436 3.63065 5.60173 
5.18684 4.23421 4.08156 4.4812 5.07801 
4.1319 3.01998 3.16763 3.56931 4.14239 
2.68543 2.63105 3.99351 4.74142 4.1167 
tmall
7.42885 6.91961 7.37677 8.42976 0 
8.55461 7.99244 9.37306 11.3018 0 
4.68659 7.11754 6.49781 11.945 0 
4.29938 4.29829 11.8891 -231113 0 
wikipedia
1.1894 1.31294 1.25435 1.0692 1.55457 
1.62174 1.54851 1.89639 1.62121 2.17475 
1.17597 1.21551 1.26552 1.05833 1.21904 
1.34265 1.33175 1.07843 1.27452 1.17178 
yahoo
7.71299 7.46426 8.33549 7.74704 8.15025 
8.84519 8.92889 9.97714 9.4356 9.69683 
3.79482 7.25961 6.38724 5.16596 9.96061 
3.79348 4.73188 3.01436 4.04059 5.12108 
yandex
1.83297 1.77103 1.91111 2.17748 2.42079 
2.49503 2.70765 3.10613 2.20694 2.06139 
1.32178 1.3922 1.38935 1.77729 2.055 
1.55315 1.69646 1.49751 1.96584 1.89367 
youtube
3.9125 3.15069 3.51324 3.33365 3.42788 
4.15944 4.34062 3.76056 3.92772 3.79669 
3.4245 2.456 2.03418 2.16465 2.61976 
3.2001 2.7013 2.56336 2.66646 2.81957 
