5
leopard
4.44709 4.09037 3.65249 4.51093 4.11417 
5.29451 5.36674 5.27317 6.0041 4.75785 
2.71534 2.52077 2.54257 5.42086 3.18069 
2.6202 2.33308 2.82256 8.08248 3.209 
amazon
3.61962 3.39819 4.69261 3.45586 4.42951 
3.5583 3.86303 6.02449 5.42786 3.39773 
3.35069 2.82711 3.54134 3.91088 3.26639 
3.06587 2.95425 3.30486 5.03894 3.00431 
baidu
1.6386 2.00781 1.62195 2.08746 2.09177 
2.81799 3.00336 2.158 2.78975 2.91734 
1.1336 1.25871 1.50708 2.15621 2.03927 
1.41175 1.61602 1.61821 1.98637 2.16445 
bing
2.52234 1.49014 1.29515 1.14155 1.59067 
1.91213 2.12096 1.92154 2.7653 2.31596 
1.44921 1.1635 1.08071 1.16716 1.10581 
1.372 1.47001 1.62319 1.47835 1.43998 
ebay
3.46218 3.6782 3.59139 3.242 3.00981 
4.40208 4.20126 4.28371 3.91751 4.45827 
4.79466 3.73357 3.58345 3.29281 3.63524 
3.42557 2.72724 2.66552 2.43326 6.28191 
google
1.22088 1.52723 1.49248 1.48474 2.11258 
2.02388 2.49141 2.73187 2.09995 2.44892 
1.04052 1.43946 1.72321 1.45432 1.16062 
1.41316 1.45651 2.04506 1.91814 2.09062 
hao123
17.8491 17.6637 18.0544 18.6283 20.3596 
3.12984 2.98044 2.75333 2.59821 2.799 
3.41715 3.33828 3.3208 3.33045 2.92668 
3.56788 3.21359 2.96251 2.8597 2.87078 
qq
7.19703 5.83149 6.34714 7.2339 5.80016 
7.74333 8.63156 8.43145 8.36635 6.66394 
6.13885 5.82926 8.05809 6.04029 3.91549 
9.4664 3.76278 5.25351 3.72879 3.3001 
sohu
6.62035 6.82621 6.20474 6.77296 6.53839 
8.22742 8.11445 8.29096 8.21596 7.52038 
4.81813 4.70408 4.99829 4.839 2.89406 
3.68557 3.53632 3.69334 3.32968 3.38306 
taobao
5.24368 4.03593 4.48521 4.23918 4.28164 
7.78024 5.67615 7.1201 6.82153 6.41311 
6.68342 6.48377 5.26321 3.86889 2.61439 
3.87056 4.16584 4.59215 2.93875 2.80521 
tmall
7.56894 7.94833 8.34475 8.62912 6.2037 
8.19956 10.5467 8.74198 9.69871 0 
5.45453 9.54855 8.67097 8.01889 0 
8.37715 6.31965 8.43334 17.3759 0 
wikipedia
1.39654 1.5641 1.4402 1.44633 1.51161 
2.18902 1.98777 1.93951 2.34118 2.3568 
1.70334 1.76409 1.52667 1.69886 1.79308 
1.88959 1.49773 1.90576 1.80127 1.46637 
yahoo
9.54065 8.85287 9.66688 10.1116 9.26504 
10.0732 10.3173 11.5779 11.2189 12.9278 
6.3427 12.172 9.82528 10.7463 10.6431 
5.26914 3.39079 5.85497 4.99357 8.09409 
yandex
2.15613 2.71397 2.56676 2.86788 2.86144 
2.75655 3.49769 1.95397 2.20651 2.39773 
1.58103 2.60164 2.18903 2.23913 2.54208 
2.26032 2.8088 2.02338 1.96375 2.63452 
youtube
4.55629 3.92977 3.40267 4.05322 5.44401 
5.41724 5.12834 4.42356 5.1164 6.56343 
8.01932 3.54838 2.78816 7.44217 5.56312 
5.65987 2.82503 3.1473 8.05638 3.75085 
