5
leopard
4.06828 4.3008 4.0357 3.72988 4.34216 
5.32752 5.08307 4.68386 4.65099 4.71359 
5.29636 3.61798 2.71937 2.32365 2.43265 
3.29297 2.77712 2.78016 2.19869 2.39572 
amazon
2.90937 3.41598 2.89975 2.97449 3.19086 
4.62284 3.69221 3.5177 4.4456 3.86234 
7.9099 3.99873 3.23125 5.83338 3.25069 
4.71541 3.30929 3.15612 3.09844 3.24194 
baidu
2.07423 1.70127 1.7304 1.69916 1.63534 
2.25471 2.19938 2.45959 2.18725 2.6302 
1.22816 1.20143 1.05222 1.17339 1.0973 
1.66225 1.42909 1.45749 1.26551 3.63164 
bing
1.48858 1.03786 1.07809 1.14237 1.151 
1.85549 1.70308 1.77486 2.49707 1.87715 
1.14451 1.14507 1.23219 1.21685 1.59009 
1.49256 1.39186 1.7836 1.47808 2.41502 
ebay
2.99902 2.77783 2.57527 2.81875 3.00066 
4.72741 4.47987 3.79584 3.85946 3.92103 
2.13996 2.69775 2.42153 4.29243 3.4282 
2.2976 2.40811 2.36521 3.19517 3.12583 
google
1.5879 1.2691 1.36543 1.54304 1.41794 
2.27399 2.61908 1.73669 1.99369 2.23853 
1.09221 1.48276 1.55211 1.45737 1.48692 
1.8571 1.76349 2.85789 1.53632 1.7611 
hao123
18.7949 18.5766 17.0373 16.6469 16.7914 
2.9577 2.92165 2.44835 4.4987 2.55034 
3.15314 3.35196 3.07883 3.62805 3.02252 
3.66474 3.06521 3.00196 2.92916 4.05783 
qq
6.19214 5.99085 6.61195 6.21209 6.56705 
7.14282 8.14735 7.48431 7.19078 7.88132 
6.09139 9.07201 7.53874 8.34046 9.37086 
5.08558 6.8132 8.85936 6.65351 7.61385 
sohu
6.74828 6.04996 6.13889 6.75433 6.2719 
7.1725 8.72988 7.11619 6.53265 8.50324 
4.19243 5.85281 3.92398 4.26414 5.38189 
5.07512 4.02187 5.70429 3.43093 3.96962 
taobao
3.99632 3.91332 4.31958 3.9696 3.78444 
5.32319 5.10896 6.3988 4.52466 4.72227 
5.11315 7.74649 4.58859 2.88664 2.84719 
6.90738 5.33429 2.92776 2.48854 3.08807 
tmall
6.80681 7.23043 6.89188 8.7552 0 
8.78871 8.10743 8.02101 10.4115 0 
3.55582 6.02749 5.96108 13.5166 0 
8.96417 4.29123 6.28552 -240801 0 
wikipedia
1.13711 1.12963 1.10594 1.39233 1.19325 
1.70069 1.59322 1.99336 1.84994 1.55462 
1.13193 1.22793 1.19903 1.29305 1.22455 
1.1528 1.47147 1.32443 1.25033 1.31173 
yahoo
9.51898 8.20419 8.87048 8.46328 8.45109 
10.1285 9.30174 10.2102 9.80449 11.6977 
9.31373 9.94968 6.03567 12.7187 6.33515 
5.59458 9.13081 9.42569 9.29006 3.42426 
yandex
1.99604 2.30088 2.315 2.3392 2.11389 
2.54507 3.81098 3.33738 1.9167 1.8803 
1.41747 1.24764 2.01573 1.65955 1.66422 
1.46052 1.80365 1.91967 1.81509 2.98039 
youtube
3.78607 3.8425 3.68646 3.26169 3.62598 
4.65899 4.89993 5.88402 5.9273 4.77626 
5.34912 2.96225 2.18849 7.60636 3.88311 
4.89222 2.44805 2.70338 4.39178 2.67644 
