5
leopard
3.74465 3.42527 3.90835 3.58132 3.44017 
4.09993 4.09569 3.85589 3.95372 3.91247 
1.97953 2.00808 2.18007 2.20662 2.0581 
2.58319 2.21846 2.33456 2.25564 2.26885 
amazon
2.6405 2.91801 2.63222 4.80324 3.79292 
3.54991 3.88004 3.78643 4.01418 4.99135 
2.87746 2.66428 2.74341 7.34186 6.22105 
2.6489 2.655 2.70038 6.31038 6.04068 
baidu
1.63382 1.48819 1.66166 1.46817 1.45488 
2.18671 2.17615 2.21183 2.09261 2.04952 
1.26269 1.29575 1.22161 1.32251 1.23126 
1.44918 1.40666 1.41117 1.3949 1.37119 
bing
1.11104 1.03207 1.16361 0.970383 1.12264 
1.69611 1.79563 1.71929 1.78518 1.80605 
1.01611 1.16416 1.09652 1.06213 1.00996 
1.5674 1.44078 1.46187 1.49455 1.4898 
ebay
2.44163 2.63029 2.63588 2.72366 2.61172 
3.29698 3.26314 3.27765 3.145 3.19233 
2.29429 2.26396 2.67914 2.50381 2.3958 
2.21586 2.261 2.61577 2.59579 5.25885 
google
1.49471 1.46673 1.15162 1.31353 1.21467 
1.67473 1.74274 1.61111 1.70495 1.97913 
1.09669 1.25805 1.2305 1.04994 1.39802 
1.30802 1.32172 1.32849 1.33011 1.73591 
hao123
13.0342 12.8883 13.1436 13.1266 12.9745 
25.5821 25.5132 25.4627 25.6791 25.447 
2.96249 2.52964 3.18866 3.16923 2.92649 
2.88542 3.13339 3.4673 3.12218 2.81729 
qq
5.33613 5.03093 4.97764 4.9662 4.91476 
5.89178 5.83452 5.44262 5.78832 5.45306 
8.96488 3.5059 7.69019 3.32959 2.429 
3.71166 2.73599 3.48098 2.77864 2.71149 
sohu
5.28604 5.2948 5.22066 5.26135 5.21565 
6.09967 6.10423 5.94277 6.05767 6.10314 
2.43514 2.5812 2.64992 3.04836 2.62102 
3.28909 3.00081 2.87558 2.97519 3.06236 
taobao
3.37181 3.47675 4.28513 3.89168 3.69442 
3.88745 3.92923 5.80056 4.5523 4.38348 
2.49185 2.8381 7.52206 5.13072 3.44583 
2.21302 8.20173 6.04539 3.67526 2.4871 
tmall
5.88132 6.10664 6.82591 8.69633 0 
6.58154 7.18388 9.49898 14.3117 0 
3.95558 3.92217 6.88139 -211706 0 
3.70949 3.30918 6.99654 0 0 
wikipedia
1.12379 1.13635 1.10437 1.22841 1.20862 
1.5755 1.65974 1.71806 1.62621 1.71073 
1.20394 1.17015 1.20741 1.12857 1.20547 
1.18269 1.05443 1.05657 1.13448 1.16365 
yahoo
7.33994 7.35154 7.15964 7.44566 6.73167 
8.43487 8.08207 8.19078 7.88067 8.96316 
5.40404 4.34211 3.42234 3.19941 6.77167 
4.48735 4.29884 4.19741 3.15146 4.15087 
yandex
1.73571 1.82237 1.86966 1.7375 1.84437 
2.37196 2.50583 2.39305 2.35617 2.44526 
1.3512 1.24675 1.24174 1.48371 1.29091 
1.2771 1.62282 1.57695 1.54583 1.48731 
youtube
3.19115 3.34282 3.02515 3.11656 2.92392 
3.81176 4.18865 4.19547 3.78425 3.60312 
10.1342 4.09077 2.73909 2.33214 2.11691 
4.5183 3.68691 2.38552 2.31044 2.48017 
