5
leopard
3.56991 3.56456 3.393 3.44453 3.35114 
4.17803 4.2676 4.56051 4.22989 5.23755 
2.04599 7.05944 3.68279 3.23017 5.19335 
2.29618 3.24161 5.27566 2.85917 3.24727 
amazon
2.74098 2.56395 2.71145 2.97103 2.75468 
3.45613 3.39854 3.27882 3.56147 3.86091 
3.61873 2.8693 2.5969 2.75152 5.6132 
2.69665 2.74163 3.0452 2.76523 7.39495 
baidu
1.76799 1.86911 1.52603 1.73217 1.50464 
2.11756 2.04616 2.06143 2.07448 2.15532 
1.2895 1.2117 1.2614 1.45665 1.54964 
1.50556 1.47146 1.40418 1.53202 1.49223 
bing
1.05933 1.05424 1.12623 1.08058 1.13931 
1.6128 2.04836 1.81643 1.85033 2.16052 
1.02769 1.23181 1.81883 1.1663 1.14867 
1.36474 1.3716 1.42685 1.27496 1.2907 
ebay
2.85585 2.70225 2.6211 2.77705 2.93036 
3.52556 3.48693 3.45338 3.08029 3.7506 
2.37405 2.25239 2.24005 2.17164 2.21098 
2.17754 2.45214 2.32654 3.15467 2.20691 
google
1.2725 1.32685 1.28342 1.21659 1.38552 
1.56464 1.48457 1.63863 1.5297 1.55987 
1.14278 1.16233 1.0686 1.65834 1.08882 
1.37907 1.3355 1.22872 1.26223 1.42963 
hao123
14.5656 14.2324 14.1779 14.0623 14.6636 
27.3587 28.0425 27.9997 27.4927 26.9935 
2.70789 2.53642 2.60639 2.91492 2.40835 
2.62763 2.54064 2.55731 2.88642 2.46248 
qq
5.59692 5.58944 6.09075 5.41061 5.36781 
7.27085 6.36896 7.27131 6.02571 6.01153 
5.82106 8.81497 4.53994 5.31201 7.75583 
4.18061 5.85259 5.95072 5.86884 4.32539 
sohu
5.60541 5.32256 5.82538 5.81782 5.44381 
6.72404 6.28078 6.7054 6.10072 6.73263 
3.3582 2.74424 3.05566 4.11075 4.83586 
3.72481 3.44208 3.54911 3.47168 3.60796 
taobao
4.30628 3.85383 3.86407 3.77936 3.70235 
5.17111 4.02463 4.40968 5.59583 4.30504 
4.14363 2.74591 8.65345 4.22218 2.94847 
2.55753 2.31722 3.87312 2.66711 2.40127 
tmall
6.17918 6.48241 6.15167 7.33314 0 
7.22994 7.21661 7.25565 11.2151 0 
4.69733 4.07603 5.49268 12.1071 0 
7.98735 4.76142 5.8323 -221424 0 
wikipedia
1.18084 1.1975 1.14689 1.45866 1.63999 
1.49231 1.53139 1.6107 1.63719 1.96838 
1.50132 1.02745 1.1123 1.61233 1.48214 
1.14119 1.20869 1.15163 1.48829 1.47217 
yahoo
8.17045 7.00161 7.1051 6.82475 7.349 
8.71206 9.11224 8.40465 8.09965 7.60504 
4.00551 5.04462 3.65369 2.98045 4.61069 
3.49976 3.71111 4.8308 3.28911 4.6487 
yandex
1.95993 1.80309 1.85484 1.79102 1.89658 
2.49848 2.50873 2.2449 2.43209 2.07045 
1.19099 1.50976 1.32421 2.00973 1.82555 
1.31636 1.48111 1.45617 1.86846 1.66662 
youtube
4.11924 3.29274 3.43268 3.1162 3.30474 
5.93301 3.95913 3.75615 3.62583 3.95836 
4.7028 2.56604 2.2643 2.08847 2.01502 
4.36166 2.28958 2.74669 2.54884 2.32912 
