10
leopard
3.35763 3.50989 4.08408 3.36456 4.14461 3.84898 3.7524 5.098 4.00177 4.05975 
5.37889 4.17913 4.60905 4.24236 3.93984 4.63159 5.50608 4.26952 4.75801 4.62419 
2.1979 1.93554 2.74378 2.08529 4.57382 7.10785 3.30597 4.34409 6.69634 4.73189 
3.13411 4.34892 6.98858 2.05158 3.97105 8.22334 3.01392 3.46101 3.49028 2.64544 
amazon
2.77207 2.81393 3.37983 2.90796 2.52359 2.68135 2.63498 2.81803 2.49742 3.0418 
5.02094 3.68851 4.42028 3.35858 4.59786 3.3293 3.37712 4.39899 4.15324 4.40144 
3.33059 3.42957 2.9167 2.75037 2.79187 2.55923 2.6202 2.36838 3.58172 2.64413 
3.98993 2.38851 2.60962 3.56832 2.58165 2.63847 2.70298 2.37653 2.20731 2.45666 
baidu
1.57263 1.53516 1.63758 1.6082 1.78167 1.45353 1.49835 1.71271 1.40071 1.45488 
3.23617 2.16598 3.08214 2.53433 2.03422 2.46809 2.73643 2.06878 2.22592 2.30829 
2.56613 1.05904 2.18849 1.79945 1.73722 1.64623 1.97884 1.5341 1.80731 1.74362 
1.34308 1.21647 1.57079 1.6636 1.94133 1.80036 1.62454 1.64277 1.8107 1.64027 
bing
0.941961 1.24559 1.01146 0.992678 1.02832 1.21196 0.992144 1.24847 1.1269 1.06178 
2.09332 1.52665 1.72867 2.19549 1.80546 1.76581 2.39276 1.52106 1.50708 1.74605 
0.99049 1.0226 1.03305 1.56257 1.19413 1.15709 1.67808 0.924833 1.31835 2.05186 
1.54073 1.56675 1.31646 1.97467 1.8377 1.65989 1.33635 1.30271 1.52023 1.1802 
ebay
2.70416 3.47044 3.76316 3.00447 3.15481 2.75196 2.70963 3.1697 2.86693 3.10086 
3.24737 3.86618 3.30884 4.16021 4.83435 3.78787 3.81037 3.46888 3.76373 3.24925 
2.87352 3.93665 4.01797 3.32043 3.02071 3.29595 3.34043 4.60989 6.55427 2.27882 
2.34416 2.35418 2.27011 2.28998 2.1818 2.58354 3.34022 3.33084 2.30949 2.03559 
google
1.07951 1.0845 1.2794 2.04824 1.28611 1.4371 1.256 1.36789 1.06797 1.37522 
1.56819 1.64861 1.50469 1.4989 2.07822 1.94088 2.11565 1.60747 1.37279 1.76292 
1.00937 1.09997 0.857187 1.53873 0.984031 1.03447 1.00802 1.24606 1.04271 1.34968 
2.94808 1.56985 1.59618 1.59316 1.1052 1.0841 0.98593 1.83557 0.947426 1.01579 
hao123
18.1237 18.775 16.2578 17.533 17.6185 14.5633 18.3378 17.9757 15.8815 18.2456 
31.0858 32.6026 32.4305 30.4103 32.9839 32.0965 32.543 32.2614 32.6245 32.4667 
3.26002 5.59191 5.93608 5.54604 4.28416 4.21143 3.07026 5.69299 4.39422 4.24361 
4.28312 3.6662 6.43836 7.1035 3.5433 3.68686 4.06831 2.81124 3.62676 4.66831 
qq
5.21517 6.90162 5.72357 5.68939 5.87478 5.54728 5.01208 5.40724 5.74058 6.55656 
6.65446 8.14008 6.88702 8.45476 6.76293 7.37678 6.69616 7.24735 7.06825 7.58822 
4.32006 5.51614 6.15242 7.32177 4.80011 4.82909 5.24079 5.03825 7.53739 5.37306 
2.77194 7.19305 2.88823 4.62761 3.65962 7.81965 2.98152 2.8394 4.67943 3.45882 
sohu
7.17792 6.34815 6.17579 5.47789 6.77106 5.41275 5.44646 6.46377 5.95655 5.47955 
6.91889 7.31028 6.68422 6.23626 7.32226 7.18244 7.2195 6.93377 7.24718 7.06888 
5.46197 3.87547 7.10397 3.6412 4.32922 4.5567 4.1654 4.32567 8.66804 4.30889 
3.87047 3.34652 4.02617 3.8552 3.09811 4.09482 2.94652 3.73562 3.85233 3.35448 
taobao
3.85415 3.74623 3.69715 4.35631 3.41656 3.26279 4.45533 5.18468 3.38261 4.23228 
5.58312 4.36928 3.69207 5.27653 3.92109 5.01339 5.68381 7.07329 4.79181 4.78068 
3.10093 1.94774 2.75041 3.69288 5.44836 6.69659 3.09275 4.79366 3.27226 2.63557 
2.8668 2.83764 2.55255 2.90871 3.30055 3.79699 2.82989 2.347 2.39821 2.69387 
tmall
6.15127 7.4075 6.79126 18.1077 7.77016 7.34565 7.21906 224.179 233.009 -153599 
8.33808 7.02609 8.22748 24.1132 10.2885 9.32887 8.21815 31.6125 7.47685 7.68911 
2.51949 3.19591 5.70091 19.312 9.91463 5.65461 8.85378 11.6546 3.62952 8.58258 
3.78383 2.79172 6.7077 9.36536 3.547 2.86776 12.6788 6.88614 3.5678 3.97043 
weibo
7.72919 10.1088 7.15914 7.50642 15.5778 8.72889 8.14142 7.8373 7.72145 7.35997 
10.7247 10.3624 8.20009 8.39677 8.34306 8.8256 8.53756 8.86274 12.5995 8.29838 
5.9794 4.77696 4.23124 4.66788 3.85232 5.16938 2.91412 7.94797 4.46001 2.82198 
7.30012 2.81272 2.4432 3.00484 2.86135 3.38403 2.71642 5.28586 7.70213 7.72807 
wikipedia
1.09183 1.10191 1.00388 1.33572 1.10213 1.31251 1.08871 1.54434 1.08055 1.16692 
1.30323 1.89512 1.49229 1.56116 2.11493 1.59522 2.58175 1.55498 1.80304 2.44406 
1.12384 1.1989 1.10521 0.991997 1.48051 1.42938 1.34948 1.48065 1.31784 1.30873 
1.07377 1.16533 1.43528 1.27556 1.58018 1.18929 1.81692 1.65391 1.15592 1.63923 
yahoo
8.26301 7.55718 8.9182 8.34951 8.86857 7.30293 7.06304 7.71293 9.114 7.48621 
9.14567 9.80134 10.0017 10.1809 8.53987 9.85797 8.34548 9.2381 8.26783 9.88294 
7.98414 7.13378 8.96667 5.71379 4.3997 5.76122 6.07982 5.49841 7.17418 5.65914 
4.94028 5.57117 4.94988 5.0412 3.33231 4.66525 5.04346 6.03139 5.81447 4.85177 
yandex
2.19201 2.75807 2.3221 1.67455 2.04143 1.80063 1.72574 2.42891 1.89599 2.32824 
1.57697 1.66215 2.72947 1.68982 2.49094 2.77936 2.2246 1.64753 2.73224 3.16314 
1.11037 1.6726 1.63908 1.51209 1.47958 1.37237 1.88189 1.7256 1.41781 1.75202 
1.36187 1.82409 1.98118 1.80317 2.50406 1.45104 2.29894 1.80509 1.68014 1.6735 
youtube
4.12376 2.96604 2.69644 3.24228 3.81294 3.10854 3.72989 3.05332 3.08324 3.80233 
4.44051 3.61505 4.04918 3.83313 3.91667 3.63489 4.29568 4.39936 3.645 5.13137 
3.66388 2.25992 1.96104 1.99961 2.86003 1.89699 1.98944 4.30899 2.07575 6.11462 
2.31527 2.22228 2.1441 2.78196 2.47706 2.38544 2.84336 2.46592 2.46129 4.27016 
