10
leopard
3.50924 3.49371 3.35961 3.38109 4.41485 3.95353 3.65291 4.00107 3.64003 4.09046 
3.99693 4.45326 4.41043 3.61162 4.52162 5.08462 3.86986 4.21817 5.31152 4.40591 
1.82881 4.43549 2.41991 2.08993 4.30363 2.39604 2.24993 4.36066 4.00085 4.01852 
7.5628 2.49269 2.4081 2.40186 3.01147 2.28737 2.76387 3.05199 2.46052 2.40041 
amazon
2.66644 2.44482 2.67858 2.93455 3.86447 2.90659 3.03306 2.5997 3.00714 2.87418 
4.42262 3.34983 3.38402 3.15735 3.86491 3.33392 3.09345 3.52439 4.24881 4.00597 
3.67735 5.25316 4.10031 2.72495 5.33492 2.61295 3.37899 2.33416 2.25659 2.97084 
3.11862 3.23974 5.35903 2.58518 3.67273 2.51139 2.70493 2.8071 2.80211 2.78605 
baidu
1.69663 1.5255 2.23362 1.88149 1.67044 2.00677 1.3389 1.47413 1.32143 1.20938 
1.69525 2.04008 2.00784 2.00307 1.97969 2.36365 2.5835 2.20072 2.38234 1.93359 
1.92444 1.72272 1.4793 1.28568 2.09939 1.66307 1.48273 1.31493 1.5329 1.23875 
1.58282 2.3709 1.79031 1.40984 2.04321 1.66285 1.85631 1.45611 2.07873 1.51419 
bing
0.956797 0.937764 1.11721 1.19496 1.10866 1.00002 0.962989 0.911095 1.09589 1.19251 
2.01674 2.26012 1.84417 1.45585 1.46228 1.431 1.56168 1.424 1.71043 1.86461 
1.28769 1.09416 0.898804 1.44842 1.16821 1.2107 1.473 1.11768 1.59898 1.08333 
1.17112 3.09883 1.29335 1.94412 1.5583 1.61206 1.63943 1.27981 1.31647 1.3492 
ebay
2.2942 2.59266 2.74141 2.48722 2.72861 2.95282 2.65743 2.56177 2.52369 2.99859 
3.40071 3.46613 2.83098 3.19613 3.39036 3.51379 3.79183 2.7589 3.34232 3.30137 
3.77155 3.15675 2.13155 3.11996 3.26482 3.09307 2.34142 2.20684 2.26308 2.2065 
2.17688 2.9712 1.97544 2.15655 2.22505 2.30631 1.88846 2.37573 2.11251 2.87796 
google
1.12905 1.08792 1.06639 1.067 1.1007 1.04943 1.04379 1.17211 1.03517 1.29116 
1.51027 1.42987 1.27353 1.3421 1.77055 1.3575 1.53357 1.33071 1.51649 1.5522 
1.38836 1.14569 1.0027 1.9478 1.07829 1.06065 1.31243 0.991758 0.798114 1.00673 
1.17516 1.1989 1.25841 1.09767 1.09308 1.44054 1.17908 1.13137 1.45212 1.33966 
hao123
17.0942 15.1878 16.3199 14.9739 14.1602 15.7706 17.2442 16.2374 16.0541 13.866 
30.6721 30.0011 30.3015 29.9144 27.8384 29.2303 26.6664 27.1655 28.8485 29.5537 
3.15065 6.36491 4.17637 4.13401 3.42509 4.17685 4.1828 3.20613 3.33493 4.66825 
2.79592 4.13898 3.58466 4.69777 3.80972 4.98144 3.79599 3.11703 4.71164 5.50204 
qq
7.08636 5.57267 6.49517 5.12028 5.09521 6.28849 4.88035 5.15725 5.23766 4.96945 
5.84836 5.69771 6.22509 6.72554 6.84844 6.44548 7.52129 6.71957 5.79494 6.7499 
4.91738 3.33507 7.73143 4.86312 4.86803 5.24193 4.20221 5.09553 5.76872 5.23335 
3.46138 3.21347 5.54006 3.17624 3.36541 3.51834 2.80024 6.64487 6.01213 3.30195 
sohu
5.87796 6.14488 5.48687 6.11387 5.16672 5.63443 5.16154 5.88471 6.16225 5.79744 
6.20488 8.07135 5.82021 6.67776 7.20389 6.63815 6.88872 6.71956 6.88861 7.55189 
3.94609 3.09587 2.74903 4.07532 4.1436 4.2614 3.48261 4.29526 4.20389 4.40664 
3.78661 2.90699 3.03632 3.05383 2.80009 3.33482 3.62408 3.1564 2.93002 2.94156 
taobao
4.10558 3.16108 4.11773 3.48692 4.09041 3.94275 3.67781 3.40568 3.95346 3.35977 
4.19489 3.99687 4.11026 4.14151 5.0101 4.69707 4.37938 3.97108 4.23821 3.89862 
2.75144 2.25987 2.47836 3.05264 2.25041 2.93513 3.3478 2.32772 2.35783 2.51784 
2.70469 2.67527 2.18632 4.76264 2.53058 2.57403 2.97669 2.01982 2.80814 2.66516 
tmall
5.8281 6.06174 11.2664 12.5688 6.10821 6.27281 227.129 227.167 236.548 -115092 
6.90432 8.4265 224.878 229.299 234.191 255.744 207.307 230.953 235.822 -115158 
3.86552 6.87611 221.558 234.68 237.825 259.444 6.55841 4.12835 5.89693 0 
3.14747 7.73743 38.2655 3.52635 3.93055 12.8861 21.5183 3.71563 7.25795 24.6115 
weibo
21.1201 7.88777 7.81074 7.42373 6.82362 10.7312 7.903 7.40302 7.19806 7.36754 
25.0015 8.77884 7.73341 8.89237 9.00484 8.40784 8.05986 8.04652 7.49984 8.84357 
10.1644 5.3055 4.03092 5.34371 4.75895 4.72968 7.98886 2.76208 5.67382 4.95766 
6.05881 2.99335 2.92067 3.0387 2.98125 2.81665 2.92641 2.28944 3.51844 2.32554 
wikipedia
0.979554 1.09845 1.0836 1.01371 1.51859 0.972847 0.918215 0.936989 1.34889 1.32449 
1.88591 1.61046 1.8622 1.45519 1.32642 1.63279 1.30945 1.85096 1.64435 1.62427 
1.02747 1.0975 1.05139 1.34324 1.3331 1.00678 1.02843 1.3769 1.3607 1.27573 
1.59673 1.09993 1.11185 1.17922 1.03173 1.11975 1.14154 1.62038 1.43201 1.92267 
yahoo
7.62359 6.92575 7.24312 6.52376 6.86165 6.92917 6.44722 8.12244 7.28025 7.08984 
8.09594 9.10177 8.00328 8.65861 7.81864 7.91437 8.30533 9.48356 7.58424 7.81184 
5.3547 7.49676 3.72699 5.67358 4.09476 4.26048 6.44414 9.05248 9.04041 6.03496 
5.42263 3.9127 4.32097 4.27456 5.63724 3.70446 5.56637 5.49901 4.05719 4.53566 
yandex
1.90064 1.77906 2.07935 1.81625 2.34082 2.24311 1.68603 1.85549 2.27782 1.9921 
2.30996 1.6925 1.69826 2.80221 3.25677 1.84509 1.59083 1.71709 1.5844 1.66464 
1.7997 1.57506 1.48286 1.68727 1.63837 1.90086 1.51102 1.68638 2.17127 1.80957 
1.93297 1.64136 1.63115 1.63869 1.9352 1.58245 1.46835 2.01967 1.60558 1.95214 
youtube
3.67313 3.46182 3.27878 2.79518 3.69449 3.08712 3.56168 3.09235 2.94922 3.11161 
4.84326 5.11857 3.94486 3.91005 3.65374 3.56078 3.88622 4.76718 3.64596 3.60529 
4.68603 5.22688 3.76441 4.26366 4.37715 4.31396 2.65 4.43785 2.06407 1.90013 
2.77943 3.26867 2.771 2.19408 2.26982 2.35155 2.1232 2.2912 2.76199 2.17713 
