leopard 3.61995 3.98354 2.08648 2.33214 
amazon 3.35738 4.04438 4.36961 4.07107 
baidu 1.54134 2.14336 1.26676 1.40662 
bing 1.07995 1.76045 1.06978 1.49088 
ebay 2.60864 3.23502 2.4274 2.98945 
google 1.32825 1.74253 1.20664 1.40485 
hao123 13.0334 25.5368 2.9553 3.08512 
qq 5.04513 5.68206 5.18391 3.08375 
sohu 5.2557 6.0615 2.66713 3.04061 
taobao 3.74396 4.5106 4.28571 4.5245 
tmall 6.87755 9.39403 4.91971 4.67174 
wikipedia 1.16031 1.65805 1.18311 1.11836 
yahoo 7.20569 8.31031 4.62791 4.05719 
yandex 1.80192 2.41445 1.32286 1.502 
youtube 3.11992 3.91665 4.28262 3.07627 
