leopard 4.16301 5.33927 3.27605 3.81346 
amazon 3.91916 4.45428 3.37928 3.47365 
baidu 1.88952 2.73729 1.61897 1.75936 
bing 1.60797 2.20718 1.19328 1.47671 
ebay 3.39672 4.25257 3.80795 3.5067 
google 1.56758 2.35921 1.36363 1.7847 
hao123 18.511 2.85216 3.26667 3.09489 
qq 6.48194 7.96733 5.9964 5.10232 
sohu 6.59253 8.07383 4.45071 3.52559 
taobao 4.45713 6.76223 4.98274 3.6745 
tmall 7.73897 9.29674 7.92324 10.1265 
wikipedia 1.47176 2.16286 1.69721 1.71214 
yahoo 9.48741 11.223 9.94588 5.52051 
yandex 2.63324 2.56249 2.23058 2.33815 
youtube 4.27719 5.32979 5.47223 4.68789 
