leopard 4.09536 4.89181 3.278 2.68893 
amazon 3.07809 4.02814 4.84479 3.50424 
baidu 1.76808 2.34623 1.1505 1.8892 
bing 1.17958 1.94153 1.26574 1.71222 
ebay 2.83431 4.15672 2.99597 2.67838 
google 1.43668 2.1724 1.41427 1.95518 
hao123 17.5694 3.07535 3.2469 3.34378 
qq 6.31482 7.56932 8.08269 7.0051 
sohu 6.39267 7.61089 4.72305 4.44037 
taobao 3.99665 5.21558 4.63641 4.14921 
tmall 7.42108 8.83216 7.26525 6.51364 
wikipedia 1.19165 1.73837 1.2153 1.30215 
yahoo 8.7016 10.2285 8.87059 7.37308 
yandex 2.213 2.69809 1.60092 1.99586 
youtube 3.64054 5.2293 4.39787 3.42237 
