10
amazon
10.523 11.1972 8.43474 11.8525 10.7285 20.3699 10.1009 12.0187 13.4588 11.0186 
10.9379 11.933 17.315 12.3788 18.1596 15.5338 19.5673 17.424 16.7651 13.3291 
33.85 27.4558 19.8948 18.1418 24.828 27.047 38.367 31.1922 41.1915 34.0641 
29.1047 20.7697 27.3771 35.4375 22.2247 43.9459 29.2403 28.0348 35.7108 28.0947 
baidu
10.8422 4.3628 3.44046 5.53111 3.93374 8.49572 3.57329 11.9885 3.42802 4.6456 
10.6853 4.29091 7.60578 5.03111 5.16796 4.89117 6.37803 5.53697 4.36668 6.8904 
3.34358 3.55915 7.91646 5.2928 3.9377 6.08396 5.86005 4.46138 3.98482 3.24555 
4.67832 4.10309 6.78702 8.29345 9.52295 5.75339 8.54211 4.6184 6.70069 4.10653 
bing
2.81363 2.51423 2.18621 2.18804 7.73175 2.14297 9.22266 2.41078 2.3577 2.50382 
3.12507 2.99991 8.54279 3.40291 2.98294 12.4815 3.5121 8.40016 3.38034 3.65422 
5.42941 2.03786 2.17726 7.50779 2.39012 2.41987 9.23441 2.16277 2.41402 2.27245 
3.53299 2.60695 2.66075 2.5342 12.7809 2.53028 2.5719 2.72682 5.2545 2.7259 
ebay
11.6287 5.13702 17.2063 15.2256 9.25161 9.46994 10.8252 11.2423 9.57801 8.00695 
6.90755 12.2718 7.48579 11.6722 9.45566 12.3688 5.93459 8.66018 17.8823 8.30791 
14.6721 11.433 17.0189 16.7875 20.8181 15.7459 14.8411 14.3117 17.9992 11.995 
16.2893 7.12114 12.4297 18.2785 16.7842 8.40983 10.4516 12.5094 14.3449 17.7934 
google
9.09331 5.24119 8.64538 3.54721 3.17948 9.01612 3.01543 7.39946 5.32845 7.41532 
3.93065 4.53866 4.24405 4.14455 3.97081 8.1668 15.3292 8.00886 3.95075 3.70328 
3.04683 4.41595 3.77196 2.93528 2.98172 3.81924 2.90537 5.08852 4.03409 3.30338 
3.12606 3.94422 3.39934 3.25743 3.56936 4.02157 3.6022 3.96984 3.31425 9.19928 
hao123
24.3486 24.721 22.07 20.4818 15.2289 10.0504 14.9713 10.0533 9.97106 10.0612 
43.6643 47.0273 38.2742 37.1353 18.877 32.6824 21.4365 19.1617 20.7277 18.7914 
10.7487 8.52662 9.12742 5.97113 3.42552 3.37315 3.41122 3.15992 3.87778 3.51172 
10.2271 11.7238 6.48211 4.46423 3.62393 4.08384 3.62387 3.41079 4.06708 3.59529 
qq
7.24034 7.39993 7.78617 7.7621 7.54408 7.43015 8.38784 7.98187 6.7784 7.15854 
9.17898 7.92114 8.05691 8.34849 8.08461 7.57256 8.00467 7.65916 8.07898 7.73728 
6.7423 6.17021 6.50723 9.83403 6.91889 6.07504 13.0577 6.2177 6.70065 6.03815 
6.27822 6.1687 8.16179 7.02484 6.57078 6.85422 17.6332 6.15333 6.10799 6.15399 
sohu
6.16326 6.68993 6.335 6.65815 6.45772 5.93512 6.50002 7.95202 8.03301 6.29043 
6.3603 7.39963 6.72238 6.93137 6.74581 6.51216 6.55741 6.50035 7.55765 6.69085 
4.36772 5.13802 5.05759 4.39357 6.54161 4.59534 4.44875 6.56004 4.69184 4.74306 
5.87932 5.19657 5.36534 6.76121 6.49321 6.85831 5.33607 6.51755 4.51546 4.7774 
taobao
7.10127 6.40883 8.17444 11.2776 6.53308 7.75408 6.79516 8.59583 7.35547 6.58759 
7.0096 8.07805 7.98059 8.08268 7.75918 8.33146 7.1992 10.517 6.58025 6.55497 
6.69746 5.96662 6.66532 6.14625 7.05265 5.94457 6.16832 5.69474 5.52269 16.4695 
6.7147 8.1871 9.6387 6.7515 6.60149 6.05148 6.00886 5.89321 6.38506 6.02765 
tmall
9.73178 10.0833 228.152 223.046 231.634 252.285 3.14408 3.6087 1.87222 0 
10.3301 11.8327 226.859 227.482 230.87 249.736 187.96 236.915 237.979 -26429.2 
8.64446 9.04047 222.774 230.331 235.042 248.82 195.082 239.484 239.717 -26487.6 
9.77865 23.7815 25.8157 9.52732 9.10854 226.873 213.69 237.704 238.412 -26549.4 
weibo
2.20118 1.74655 1.94169 2.21089 1.95893 2.60798 1.84338 1.82863 1.85016 2.72414 
1.91357 1.96795 2.20989 2.07603 2.09007 2.5425 2.16019 2.12776 1.99613 1.98008 
0.522662 0.452756 0.421536 0.47691 0.445266 0.440716 0.479773 0.428101 0.518144 0.412275 
1.95721 2.13324 1.96541 1.98062 2.03925 1.97417 1.97105 1.97588 2.04724 2.02745 
wikipedia
1.79322 1.86115 1.77382 1.90178 1.89057 2.31625 1.89926 1.90342 1.86158 1.86246 
2.40462 1.9763 1.95739 1.98587 1.95654 2.01476 2.40465 2.17996 1.96181 1.95706 
0.493618 0.498883 0.438864 0.433008 0.434683 0.386947 0.519533 0.468988 0.521911 0.453257 
2.0418 1.94239 1.92182 2.89697 2.00565 1.98042 1.99497 2.05259 2.66877 2.09276 
yahoo
1.88793 2.8212 1.89262 1.87485 1.89672 1.86229 1.9461 1.8727 1.88627 1.94005 
2.02275 2.23731 2.63598 3.07881 2.00251 1.86815 2.00556 1.93527 1.98575 1.94238 
0.41489 0.427387 0.484507 0.488082 0.403064 0.499828 0.472599 0.440978 0.490945 0.440103 
2.05567 2.06508 2.98143 1.91907 2.13453 1.90643 1.97682 1.97676 2.24431 2.16678 
yandex
1.97952 1.81514 1.89367 1.89306 2.01247 1.85578 2.01859 1.98853 1.84818 2.17671 
1.99746 1.99683 1.99503 2.29578 2.02956 1.95608 2.18572 1.92795 1.93812 1.95817 
0.461969 0.47339 0.424981 0.464878 0.437863 0.475353 0.468615 0.473521 0.535225 0.459352 
1.96128 1.98414 2.10208 1.93055 1.99193 1.98282 1.99328 1.97829 1.97709 2.1248 
youtube
1.86536 1.82652 1.98515 1.9141 1.94187 1.9049 1.96097 2.01271 1.88252 1.87333 
2.2015 1.97179 1.92374 2.02305 1.97501 1.95395 2.24745 2.72737 2.0194 1.98359 
0.43854 0.615379 0.49996 0.451926 0.48427 0.480665 0.477696 0.478853 0.469657 0.503107 
2.41462 2.00618 2.00973 1.91707 1.99772 2.66872 2.08166 3.13885 1.91512 1.94137 
