5
amazon
14.7145 16.5731 12.5748 14.2048 14.4135 
13.0904 13.4546 13.2502 13.6272 12.4788 
11.1054 14.8756 11.0811 13.5399 14.576 
13.1907 9.88901 11.2306 13.2774 12.6775 
baidu
2.96918 6.95555 3.69532 3.96568 3.46057 
3.41106 3.60059 3.7851 8.02757 3.54648 
2.70971 3.7075 2.9216 2.55078 2.58139 
2.66481 2.39636 2.55067 2.38745 2.43708 
bing
2.96392 3.12746 3.21023 2.58704 2.93435 
2.94299 2.78406 3.02966 3.41762 2.92548 
1.89179 2.00902 2.17725 2.07859 1.92511 
1.9309 2.00364 2.08058 2.64066 2.16665 
ebay
5.07488 9.42357 6.43409 7.32727 6.01296 
5.09615 8.51672 5.58301 8.2345 12.7427 
3.88248 5.36472 4.86688 6.71641 3.76507 
7.44356 4.80274 4.605 4.55649 4.45946 
google
3.1442 3.83412 4.04181 3.90439 3.26789 
3.59393 3.82032 3.13776 3.74902 4.69065 
3.10298 2.75909 3.28313 3.67457 2.70185 
2.97476 2.60953 3.38567 3.35478 2.84432 
hao123
14.2003 14.1469 13.8534 16.5818 13.9996 
24.3389 24.997 25.4219 25.9813 26.0734 
5.47949 3.7113 4.10298 4.21997 4.04365 
3.60588 3.72371 3.18577 4.14853 4.07437 
qq
11.244 16.4395 11.3206 12.7562 9.49604 
11.4332 11.6543 12.5361 13.0583 16.9671 
10.0369 9.38003 20.387 10.5512 10.8495 
11.078 11.0681 10.8664 10.9079 11.1547 
sohu
7.84182 10.4789 13.6686 11.6244 11.0312 
9.40628 9.43445 9.43457 10.2145 10.3826 
6.99004 6.0413 7.62344 9.44346 7.39907 
6.72198 6.6712 8.41877 7.22981 8.26085 
taobao
14.3463 15.1277 11.8288 14.205 11.7257 
10.1084 13.0046 12.2434 12.4704 12.2117 
9.93729 10.5807 12.1596 18.929 8.26139 
11.4835 10.4816 15.6333 11.9022 12.9139 
tmall
16.2094 16.8902 19.2768 21.8795 20.8958 
18.5508 16.7099 19.6018 21.6848 5.27964 
14.091 22.89 18.7943 15.9118 27.0505 
14.1158 19.5115 22.0334 20.4832 24.8816 
weibo
15.0674 12.2981 12.9315 12.4791 12.9684 
15.9233 13.708 13.6841 13.0756 13.5256 
9.96145 8.60645 10.5979 14.3423 9.35835 
12.5888 8.0135 8.78558 9.07224 9.8426 
wikipedia
3.42216 2.04011 3.54009 3.71157 3.72631 
3.82371 3.03486 3.20769 3.53404 3.06992 
2.05715 2.1568 2.57972 2.28793 2.06669 
4.03347 3.411 3.31347 2.32306 1.90287 
yahoo
15.6476 23.7294 25.9952 22.09 16.0263 
15.6385 22.5784 22.3781 18.9402 17.0612 
18.1353 18.7321 20.3654 15.9327 12.9372 
25.6229 7.0983 19.9137 14.3381 12.3226 
yandex
3.182 5.08889 3.79368 3.55084 4.01089 
2.82519 3.34228 3.67074 2.91754 3.13627 
3.19901 2.45073 2.95198 4.29925 2.34755 
2.62689 2.22276 2.59036 2.49827 2.6384 
youtube
9.20159 8.16371 8.63952 8.95995 9.48804 
9.46766 8.3072 11.3027 8.83261 9.63619 
8.89453 8.4644 10.1064 7.67395 8.47741 
10.3909 8.20147 7.60857 7.62373 14.7348 
