5
leopard
5.5028 4.67031 5.14264 3.83213 0 
4.64488 5.14607 4.78976 4.76973 5.49318 
10.718 12.8431 7.01136 8.38215 0 
8.66795 10.6711 11.3165 13.4065 -917.901 
amazon
6.05068 5.22715 4.49092 3.96114 4.41628 
5.51588 5.26423 4.23018 4.05954 5.54488 
16.0705 12.1562 14.7944 13.1671 9.1212 
12.1813 12.1873 8.21928 9.95668 7.62747 
baidu
1.56175 1.50717 1.42178 1.64819 1.57333 
2.79771 2.10985 2.72333 2.23729 2.14546 
1.83547 1.44374 1.73311 1.70395 1.62436 
1.63094 1.77048 1.74277 1.88675 0 
bing
0.868295 0.841049 0.925951 0.829487 0 
1.42756 1.56854 1.45221 1.38748 1.41059 
0.733372 0.776282 0.730827 0.731533 0.735728 
1.17794 1.03722 1.16077 0.993583 1.00726 
ebay
2.45739 2.56559 2.44244 2.96965 2.47253 
3.22806 2.95394 3.01375 3.09028 3.00824 
3.30378 2.25236 2.44518 2.52611 0 
3.01013 2.65099 2.23024 2.56787 0 
google
1.11302 1.09538 1.02888 0.986624 1.02156 
1.38091 1.3652 1.35548 1.41724 1.52445 
0.888559 1.00089 0.953021 1.01181 1.29388 
0.973952 1.15844 1.21046 1.11275 1.17954 
hao123
13.3903 13.0091 12.7746 12.3379 8.21867 
25.0303 24.9733 24.8191 24.1344 17.12 
2.83628 2.26178 1.98045 1.70825 0 
2.8786 2.55833 2.04638 1.56052 1.54272 
qq
2.87244 2.23481 2.4202 1.95568 1.93705 
3.10272 2.23125 2.61332 2.22428 2.07076 
1.554 1.58 1.45597 1.31046 1.3075 
1.45718 1.38242 1.403 1.79884 0 
sohu
1.75958 1.76927 1.78377 1.72588 1.83129 
1.99872 1.90823 2.0108 1.93685 1.97458 
1.20081 1.21152 1.25097 1.17803 1.18703 
1.24859 1.40499 1.26321 1.27245 0 
taobao
1.53185 1.55676 1.63295 0 0 
1.62746 1.68664 1.6929 1.76283 0 
1.23031 1.25411 1.2392 1.23874 1.25532 
1.28951 1.29719 1.32527 1.31951 1.28298 
tmall
2.87095 2.75295 2.76197 2.71536 0 
3.00835 3.07079 2.7929 2.86456 2.87908 
2.00928 1.98694 2.03608 1.98721 1.98375 
2.06074 2.11699 2.08863 2.15276 2.01595 
weibo
2.39644 2.43063 2.43493 2.36511 2.38429 
2.42409 2.48383 2.54432 2.4776 2.45474 
1.10941 1.09 1.07863 1.10334 0 
1.17595 1.16082 1.1546 1.1677 1.36478 
wikipedia
0.404487 0.545539 0.41002 0.40201 0.410893 
0.596189 0.576581 0.443467 0.456009 0.467013 
0.416381 0.379158 0.419343 0.415797 0.390291 
0.438921 0.42509 0.464508 0.436787 0 
yahoo
2.59607 2.58049 2.58713 2.65966 2.59562 
2.80142 2.74229 2.75014 2.78858 2.79727 
1.90048 1.72115 1.89237 1.81282 1.80631 
1.74495 1.79451 1.77052 1.75708 0 
yandex
0.407627 0.390769 0.398286 0.401717 0.416466 
0.728466 0.701885 0.70016 0.70457 0.801411 
0.532382 0.397071 0.433568 0.39437 0.397412 
0.437656 0.438315 0.460221 0.450926 0.414886 
youtube
1.312 1.31658 1.31945 1.3222 1.29687 
1.41268 1.35976 1.38888 1.34442 1.4146 
1.0771 1.09934 1.06874 1.04125 1.07539 
1.08279 1.13079 1.1127 1.08039 0 
