5
amazon
1.59601 1.51856 1.48813 1.52793 0 
1.66326 1.5347 1.54345 1.53367 0 
1.32685 1.33877 1.63792 1.6443 1.34399 
1.37426 1.39003 1.38132 1.3905 1.38203 
baidu
0.53515 0.531433 0.510059 0.503217 0.523564 
0.588274 0.537984 0.583677 0.603842 0.5773 
0.32222 0.36675 0.39885 0.436105 0.431657 
0.359022 0.418352 0.439718 0.43568 0.458402 
bing
0.403243 0.422285 0.403881 0.38136 0.372404 
0.509616 0.50625 0.505139 0.522841 0 
0.45134 0.411683 0.430666 0.422188 0.419445 
0.466715 0.483434 0.496236 0.487092 0.475015 
ebay
0.863545 0.962254 0.902999 0.874401 0.972647 
1.01265 1.00448 1.01623 0.943267 0 
0.95514 0.903376 0.956683 0.954609 0 
1.02547 0.871281 0.902103 0.957507 0.96614 
google
0.455827 0.436209 0.470989 0.453072 0 
0.416727 0.502181 0.39735 0.512078 0.392589 
0.350786 0.326897 0.309853 0.333347 0 
0.348668 0.37846 0.379937 0.37511 0.363963 
hao123
4.3559 4.41866 4.46555 4.31436 4.3835 
6.74145 6.7147 6.67485 6.68879 0 
0.925566 0.881311 0.867594 0 0 
0.959175 0.965656 1.00889 1.03454 0.873317 
qq
1.71389 1.69675 1.86152 1.71828 1.70368 
1.8636 1.85086 1.85026 1.83067 1.85818 
1.24587 1.25029 1.33147 1.23708 1.25064 
1.28623 1.30005 1.284 1.29175 1.28457 
sohu
1.55539 1.55152 1.54647 1.57586 1.55474 
1.66705 1.68323 1.66764 1.72456 1.70541 
1.16004 1.18001 1.16043 1.15933 1.215 
1.19687 1.19538 1.19349 1.23027 1.20299 
taobao
1.43084 1.4416 1.43721 1.427 0 
1.54526 1.56201 1.53249 0 0 
1.20977 1.19691 1.21141 1.18594 0 
1.25862 1.27487 1.25159 1.26185 1.2713 
tmall
2.46998 2.49145 2.53043 2.46299 2.46297 
2.53961 2.55379 2.56897 2.54762 0 
1.9697 1.90781 1.94247 1.94801 1.94622 
2.01787 2.01738 2.01904 2.00733 0 
weibo
2.01813 2.08814 2.06216 2.04963 2.06663 
2.14938 2.17238 2.16497 2.16885 2.17549 
1.07206 1.08038 1.08793 0 0 
1.163 1.15522 1.13013 1.12889 1.14122 
wikipedia
0.378332 0.382476 0.358708 0 0 
0.418887 0.424714 0.444029 0.393273 0 
0.38056 0.336065 0.388413 0.384364 0.389873 
0.411143 0.392335 0.418233 0.414663 0.385754 
yahoo
2.38674 2.39477 2.39034 2.37117 2.37579 
2.4959 2.50956 0 0 0 
1.70206 1.79779 1.71483 1.79847 0 
1.73762 1.73104 1.70971 1.72112 1.71999 
yandex
0.386877 0.3596 0.360963 0.359935 0.353407 
0.460022 0.661604 0.638893 0.655892 0 
0.400728 0.377584 0.406994 0 0 
0.416553 0.407981 0.40287 0.41946 0.397816 
youtube
1.22676 1.20032 1.22805 1.2277 1.21824 
1.28545 1.29414 1.28924 1.29022 0 
1.0352 1.02038 1.03667 1.04493 0 
1.07332 1.08845 1.07758 0 0 
