10
leopard
1.33085 1.30679 1.12486 1.13269 1.13312 1.15486 1.02309 1.13121 1.07387 1.0985 
1.50164 1.44963 1.46945 1.33912 1.33364 1.25774 1.66512 1.38468 1.33191 1.33479 
1.33848 1.03943 0.947184 0.803592 0.961987 0.89266 0.909433 0.937061 1.03721 0.98187 
1.27126 1.13202 1.18742 1.06132 1.03777 1.09372 1.14643 1.29222 1.12638 1.25405 
amazon
1.60628 1.26526 1.28838 1.27162 1.38273 1.33399 1.34332 1.26824 1.3074 1.22942 
1.65769 1.53296 1.40726 1.5062 1.43554 1.53455 1.50966 1.57746 1.50895 1.4931 
1.70521 1.51361 1.71963 1.28735 1.23432 1.31961 1.2711 1.37897 1.41926 1.58684 
1.46567 1.44843 1.33282 1.45865 1.49909 1.37624 1.41219 1.46369 1.48418 1.30007 
baidu
0.757685 0.879403 0.739689 0.683339 0.807927 0.755225 0.768517 0.805422 0.834098 0.723567 
0.79697 0.783975 0.73701 0.769804 0.728594 0.768377 0.935734 0.734917 0.781329 0.729913 
0.64504 0.743183 0.660183 0.777853 0.746698 0.932848 0.71565 0.759168 0.687341 0.738777 
0.744345 0.801831 0.692829 0.788945 0.74497 0.721958 0.796196 0.787499 0.781807 0.770305 
bing
0.755654 0.686361 0.792034 0.655016 0.698971 0.914855 0.874643 0.859929 0.796618 0.783992 
0.906823 0.891669 0.977268 0.798949 0.906583 1.00132 0.973954 1.04334 0.931989 0.938837 
0.802624 0.697464 0.709105 0.83625 0.801102 0.785178 0.853172 0.777579 0.706966 0.749189 
0.878166 0.865929 0.966582 0.938271 0.873855 0.884788 0.939925 0.82658 0.982057 0.859629 
ebay
1.37442 1.38118 1.36639 1.27335 1.28227 1.25403 1.37127 1.32109 1.36137 1.35303 
1.37394 1.47943 1.42898 1.51873 1.61453 1.55868 1.54341 1.45875 1.58473 1.46395 
1.40876 1.27849 1.37143 1.36542 1.29806 1.4717 1.40539 1.22765 1.34488 1.39341 
1.36993 1.38914 1.40086 1.4641 1.36175 1.42389 1.38357 1.49748 1.31474 1.48738 
google
0.648982 0.609167 0.53268 0.6118 0.583968 0.507916 0.560281 0.814133 0.590236 0.758608 
0.731288 0.623786 0.695606 0.822947 0.850702 0.652462 0.633758 0.821854 0.630988 0.670333 
0.796737 0.650125 0.664659 0.633597 0.681972 0.590138 0.547117 0.68852 0.693617 0.596761 
0.63409 0.636662 0.654676 0.6404 0.651827 0.603811 0.569051 0.694317 0.677106 0.692929 
hao123
2.6996 2.89733 2.67876 2.75982 2.84422 2.97518 2.60093 2.92562 2.70481 2.87366 
6.00236 5.87952 5.96618 6.03016 5.85927 5.78045 5.90943 5.83878 5.83584 5.91813 
1.75258 1.5883 1.69177 1.73013 1.62594 1.65517 1.71457 1.66385 1.57895 1.53787 
1.75532 1.78189 1.6549 1.79744 1.71688 1.78306 1.64557 1.79016 1.72301 1.86494 
qq
1.80241 1.71265 1.77159 1.68011 1.78778 1.86558 1.91827 1.81529 1.83879 1.89641 
1.95716 1.95375 2.14499 2.12549 1.98426 2.12105 1.99843 2.10485 2.07627 2.27409 
1.69173 1.57618 1.71364 1.81173 1.72941 1.67142 1.79537 1.85197 1.69631 1.54198 
1.73414 1.83059 1.9115 2.15463 2.01277 1.82799 1.90725 1.79016 1.87708 1.73352 
sohu
2.44247 2.15348 2.08055 2.18294 2.32471 2.19707 2.09833 2.14995 2.28573 2.25338 
2.4886 2.49739 2.39409 2.54907 2.41521 2.48633 2.53112 2.55471 2.45773 2.37277 
2.06213 2.28476 2.14014 2.21486 2.07742 2.17415 2.09232 2.17553 2.18231 2.35894 
2.22754 2.26423 2.26957 2.34208 2.34987 2.27304 2.29909 2.24009 2.44914 2.29249 
taobao
1.34543 1.53948 1.46487 1.43149 1.51133 1.51868 1.37535 1.35263 1.49445 1.40182 
1.67751 1.45946 1.48253 1.39307 1.7105 1.45232 1.69723 1.51536 1.58157 1.59869 
1.40942 1.2691 1.49667 1.37892 1.40036 1.13225 1.30012 1.24641 1.23101 1.28685 
1.71982 1.36063 1.26408 1.42951 1.37736 1.32045 1.37057 1.39151 1.66945 1.26358 
tmall
1.81349 1.98662 1.94202 4.03675 4.07333 2.12817 2.01728 7.76819 2.05238 2.15274 
2.19459 2.32526 2.24834 6.85278 2.91427 2.25839 3.59646 9.56873 2.39736 2.3436 
1.69376 2.05613 1.92001 5.95671 1.87472 2.16628 4.2368 4.2054 1.7619 2.34365 
2.29415 2.24326 2.40166 6.88104 2.0912 2.38866 8.98258 3.588 2.35652 3.12574 
weibo
4.75417 2.92558 2.02226 2.18624 2.22085 2.31174 2.49542 2.33186 2.15993 2.07458 
9.05846 2.3696 2.23104 2.57211 2.23581 2.38776 2.72719 2.31735 2.44477 2.13203 
6.87685 1.63774 1.33888 1.53336 1.40407 1.53082 1.39908 1.50812 1.49861 1.43671 
4.52158 1.63556 1.79119 1.69052 1.70004 1.76819 1.64283 1.76887 1.73407 1.71738 
wikipedia
0.546262 0.620593 0.644915 0.672005 0.623097 0.526983 0.566701 0.660635 0.625076 0.597773 
0.75113 0.73906 0.736982 0.696475 0.852637 0.622389 0.684304 0.71282 0.670063 0.697494 
0.693042 0.58963 0.521869 0.71324 0.623933 0.638524 0.527089 0.609043 0.660342 0.494611 
0.686223 0.677276 0.799935 0.648833 0.699994 0.728166 0.620101 0.669847 0.689628 0.548576 
yahoo
2.08919 2.15701 2.06266 2.43575 2.10502 2.14505 2.24799 2.10307 2.03352 1.89859 
2.33455 2.39718 2.27754 2.30656 2.41966 2.55008 2.36764 2.44624 2.34607 2.27937 
2.12931 2.27902 2.01399 1.83994 1.86533 2.01493 1.97037 1.90932 1.90285 2.13813 
2.18916 2.26252 2.15658 2.11455 2.17256 2.22865 2.13855 2.15696 2.24922 2.13772 
yandex
0.842624 0.659264 0.774775 0.629217 0.734715 0.662313 0.656525 0.651512 0.639006 0.81399 
0.731228 0.683778 0.727128 0.71545 0.726511 0.72988 0.737994 0.724189 0.713844 0.747498 
0.659095 0.824927 0.740947 0.675322 0.689391 0.617977 0.680287 0.691317 0.65607 0.667167 
0.738418 0.747673 0.678083 0.821798 0.798546 0.672172 0.68981 0.821862 0.766511 0.675172 
youtube
1.39702 1.42346 1.31558 1.2121 1.16779 1.35384 1.44049 1.14861 1.41646 1.31043 
1.3818 1.42272 1.42538 1.48346 1.42778 1.51171 1.59107 1.39588 1.3107 1.38495 
1.24643 1.31982 1.24254 1.44633 1.28531 1.33768 1.50074 1.29332 1.30148 1.33348 
1.35894 1.32666 1.31495 1.34577 1.35967 1.35268 1.36399 1.33219 1.30639 1.44274 
