10
leopard
3.40176 3.46553 3.41649 3.42134 3.34526 3.42557 3.33542 3.34637 3.37751 3.45402 
3.93183 4.02092 3.88573 4.02823 3.86598 3.91131 3.96566 3.966 3.94019 3.91772 
2.32829 3.91072 2.662 2.42013 2.28818 2.26633 2.01229 2.06502 2.02619 2.05 
1.99187 2.88175 2.94181 2.38208 2.34125 2.25745 2.20264 2.29077 2.13132 2.1945 
amazon
2.6978 2.66841 2.62097 2.78216 2.55196 3.49702 2.5803 2.72815 2.78842 2.55426 
3.70684 3.57991 3.32167 3.38126 3.46166 3.32331 3.3165 3.35462 3.26298 3.38052 
3.8342 2.40409 2.6422 2.60515 2.69733 3.15916 2.67749 2.33797 2.5854 3.14486 
2.66978 2.33894 2.44017 2.6089 2.49623 2.55555 3.20259 2.50203 2.64487 0 
baidu
1.54165 1.56101 1.58764 1.63193 1.66047 1.59438 1.60347 1.58686 1.60906 1.49794 
2.07257 2.14712 2.08499 2.02752 2.11496 2.05202 2.0715 2.09616 2.12324 2.12375 
1.10141 1.03672 1.06525 1.17443 1.11543 1.03638 1.11339 0.976593 1.06511 1.06477 
1.22726 1.33383 1.23047 1.25979 1.26276 1.32167 1.25125 1.33485 1.3572 1.26947 
bing
1.12282 1.14402 1.13752 1.19979 1.04908 1.1363 1.11397 1.1142 1.03451 1.09664 
1.65767 1.72778 1.74093 1.77759 1.67181 1.76599 1.66546 1.73435 1.73216 1.7743 
1.11475 1.08006 1.10356 1.00187 1.16001 1.06265 1.05647 1.13735 0.996439 1.04041 
1.37878 1.34749 1.33875 1.4129 1.38763 1.35351 1.39427 1.33139 1.39994 1.32869 
ebay
2.61992 2.56751 2.61035 2.60579 2.53548 2.6283 2.55958 2.60708 2.53242 2.5839 
3.25069 3.22872 3.56604 3.27011 3.23757 3.36336 3.37083 3.15001 3.44621 3.26102 
2.03154 2.03388 1.99012 2.21006 2.23203 2.15362 2.0557 2.11973 3.65673 3.0624 
2.14984 2.21285 2.04862 2.17291 2.09646 2.19699 2.21352 2.10023 3.87004 3.2787 
google
1.26567 1.29748 1.24323 1.42476 1.27019 1.4938 1.43623 1.32304 1.32319 1.44035 
2.0108 1.77466 1.80557 1.96808 1.81859 1.84716 1.8287 1.78623 1.85519 1.82534 
1.03981 1.39983 1.50987 1.42476 1.53363 1.47248 1.44626 1.43462 1.51004 1.56046 
1.39411 1.64612 1.58969 1.613 1.67693 1.60478 1.54933 1.5157 1.63656 1.60426 
hao123
12.8749 12.7275 12.7283 12.6223 12.5674 12.5852 12.5786 12.7204 12.5578 12.6278 
25.4339 25.1739 25.0459 25.1194 25.1126 25.0597 25.0907 25.1721 25.0746 25.0711 
3.18057 2.85704 2.51236 2.47238 2.21666 2.45767 2.49831 2.47749 2.48144 2.34857 
2.96341 2.81752 2.80913 2.77122 2.71911 2.83514 2.79917 2.80708 2.85376 2.66513 
qq
4.8942 4.91937 4.9128 4.78981 4.92761 4.78059 4.92801 4.8044 4.81763 4.94925 
5.87111 5.50995 5.65056 5.61759 5.58108 5.65038 5.46988 5.52588 5.4759 5.63112 
3.45283 2.55535 2.58931 2.56713 2.50261 2.42311 2.62428 2.62933 2.42282 2.49114 
2.83194 2.85991 2.89049 2.86199 2.82793 2.71991 2.77014 2.65593 2.84283 2.64696 
sohu
5.13405 5.16844 5.1635 5.15547 5.07838 5.08143 5.13544 5.25768 5.14489 5.17431 
6.06359 5.98177 6.06381 6.16998 6.03042 5.9906 6.06551 5.97068 5.99578 6.03977 
2.53881 2.8271 2.68641 2.70001 2.72543 2.44755 2.72598 2.60495 2.67918 2.55375 
2.93736 3.0796 3.03083 2.99333 2.97678 3.05681 2.96997 3.00351 2.95474 3.19832 
taobao
3.3455 3.40272 3.49984 3.43154 3.41178 3.34468 3.34726 3.31678 3.32872 3.35589 
3.95213 3.87257 3.90995 3.95408 3.87375 3.93107 3.85966 4.04327 3.96696 3.90009 
3.01293 2.39812 2.6358 2.86111 2.52194 2.69518 2.81725 2.53066 2.4038 2.66154 
2.35505 2.14069 2.1675 2.35956 2.25133 2.2153 2.24175 2.42333 2.24747 2.52195 
tmall
5.92067 5.9283 5.82482 5.96946 6.41591 7.224 6.65246 6.20054 6.11398 6.13033 
6.88947 6.81137 7.20448 6.79779 8.48912 8.61551 7.13037 6.84845 6.799 6.76632 
4.16546 3.68256 3.93346 3.87109 6.01982 8.36038 4.29177 4.01362 3.80286 5.81336 
3.09577 4.57398 3.17515 3.26284 7.15966 7.29498 3.55065 3.30273 4.64952 8.05376 
weibo
10.5801 8.65852 6.878 6.91457 6.95441 7.10961 6.94519 7.05301 7.15643 6.9518 
12.1091 8.25003 7.68278 7.66753 7.81527 7.66511 7.54159 7.89674 7.79746 7.61607 
6.35948 2.69303 2.35392 2.11679 2.03318 2.39614 2.20194 2.01942 2.53019 2.35923 
5.5666 2.66984 2.4243 2.29307 2.44124 2.37853 2.37358 2.31664 2.44687 2.1797 
wikipedia
1.19048 1.09803 1.13737 1.15327 1.10247 1.1739 1.16159 1.18418 1.1664 1.15931 
1.69283 1.5533 1.60072 1.56391 1.63994 1.71231 1.70418 1.58394 1.71612 1.61889 
1.18235 1.18267 1.16238 1.11747 1.22329 1.1222 1.12598 1.17215 1.15918 1.07146 
1.10558 1.15396 1.19514 1.10403 1.11649 1.07265 1.08955 1.1254 1.19636 1.12761 
yahoo
6.61226 6.69027 6.66771 6.63171 6.59172 6.59842 6.65109 6.58853 6.61334 6.68985 
7.52217 7.44709 7.4869 7.64534 7.42533 7.70327 7.39888 7.37128 7.42803 8.50416 
3.92244 4.14185 4.3602 3.41071 7.75615 8.31787 2.80618 3.05835 3.73108 4.61151 
3.70465 4.45952 7.09937 8.67825 3.15052 3.02145 3.20969 3.14257 3.64177 3.00434 
yahoo
1.75474 1.69354 1.67607 1.65375 1.74148 1.77773 1.76008 1.80103 1.66107 1.65154 
2.26511 2.23418 2.24698 2.27753 2.2271 2.3059 2.25182 2.26454 2.23166 2.18204 
1.43653 1.46432 1.52508 1.46189 1.51757 1.44941 1.50522 1.48976 1.46959 1.46429 
1.55975 1.57374 1.55703 1.53608 1.54859 1.55891 1.55539 1.53716 1.56046 1.5496 
yandex
1.83386 1.75535 1.71401 1.71174 1.79842 1.79637 1.78131 1.72155 1.798 1.77405 
2.23446 2.24548 2.23673 2.223 2.19018 2.99851 2.16005 2.26464 2.19905 0 
1.13225 1.186 1.15528 1.19837 1.17085 1.2685 1.24724 1.27302 1.19955 1.21816 
1.3836 1.38585 1.56136 1.4856 1.52607 1.30168 1.5282 1.50723 1.40823 1.49933 
youtube
3.01552 3.06805 3.03812 2.96565 3.094 3.03766 3.06304 2.96097 2.95711 2.98451 
3.74012 3.65393 3.71727 3.63124 3.66139 3.69781 3.6058 3.59407 3.69155 3.62686 
2.01044 2.23778 2.17739 2.0266 2.32947 2.29105 1.95449 2.21342 2.18001 2.22799 
2.23788 2.3451 2.30353 2.30194 2.44751 2.22534 2.30638 2.18159 2.22758 2.19042 
