10
leopard
4.07155 3.912 3.5672 3.60567 4.27502 3.97654 4.34174 3.90999 4.30287 3.61911 
4.53713 4.66714 5.26001 4.62746 4.72709 4.21298 4.75188 4.37577 5.36975 4.17402 
2.69798 2.26037 4.58428 2.91414 2.82573 2.3681 5.19602 2.82285 2.36719 2.32614 
2.74371 2.36434 3.3372 3.13038 2.52579 2.37169 3.0186 2.5708 2.48996 2.4821 
amazon
2.85188 2.98629 2.65713 3.28521 3.19666 3.98917 3.65361 3.1329 2.95939 3.23041 
3.385 3.40727 5.17032 4.084 4.46703 3.67204 4.39134 3.64372 3.69389 4.51698 
3.39922 2.79456 2.46303 2.80003 2.7121 2.83967 2.90536 2.59563 2.72037 2.79326 
2.74497 3.03378 2.95124 2.44366 3.10559 2.49792 3.06102 2.7709 2.76752 2.76436 
baidu
1.49093 1.88635 1.7628 1.81632 1.95124 1.97969 1.5785 1.85171 1.61629 1.75111 
2.78075 2.47678 2.61265 2.55816 2.27167 2.2701 2.20933 2.86151 2.43201 2.24931 
1.29068 2.24969 1.99089 1.69325 1.56196 1.49783 1.94553 2.27677 1.90543 1.6227 
1.33254 2.00581 1.81191 1.76143 1.84142 1.66589 1.62393 1.99249 1.91052 1.87932 
bing
1.08971 1.15507 1.18344 1.2823 1.44371 1.16726 1.4135 1.13309 1.15654 1.39302 
1.70925 2.10979 1.8031 1.79839 2.83064 1.79729 1.74203 1.738 1.83545 1.81558 
1.34274 1.56597 1.29028 1.21182 1.36058 1.20153 1.131 1.14288 1.39755 1.34502 
1.46667 1.71786 2.14529 1.49836 1.56076 2.04974 1.37613 1.50514 1.72892 1.65239 
ebay
3.24345 2.91642 2.66611 3.0376 2.89048 2.94323 2.8203 3.22172 3.06168 2.77541 
3.39238 3.89571 4.59815 4.30358 3.53267 3.94095 3.75435 3.97879 3.46816 3.2705 
3.67511 4.40126 3.73367 3.70654 3.66201 2.73992 2.5381 5.09762 3.68091 2.51565 
2.84204 2.74787 2.70589 3.3936 3.10288 2.45484 2.6343 4.43402 3.17362 2.54879 
google
1.60746 1.24174 1.28919 1.58935 1.2865 1.31079 1.56353 1.54146 1.3328 1.23098 
1.7499 1.56449 1.60049 1.74038 1.68977 1.61356 1.61125 1.69025 1.87081 1.604 
1.28874 1.05755 1.2631 1.72249 1.2142 1.123 1.60031 1.02548 1.60796 1.0459 
1.68555 1.30988 1.33905 1.31209 1.32335 1.15445 1.36429 2.16558 1.33988 1.55264 
hao123
15.537 17.2203 17.2244 16.7153 15.1871 17.094 15.6598 17.5037 15.5849 15.4794 
29.3216 30.5338 29.9306 29.8844 31.0141 30.6119 30.1914 30.6709 30.506 29.3916 
3.51612 3.23558 2.89842 3.09617 2.59927 3.2895 3.43538 3.09392 2.98933 2.59778 
4.22789 4.63868 3.22812 2.99444 2.87554 3.21051 3.36813 3.25087 2.96432 3.06714 
qq
5.65934 5.47476 6.07551 5.43004 5.06037 5.75692 6.17628 5.69602 5.97912 5.52467 
6.60224 6.30002 6.17529 6.48369 6.60178 6.88737 6.95707 6.45516 6.36349 6.35876 
3.95643 4.04117 3.35467 6.22556 4.954 5.90316 4.20177 3.32018 7.33928 5.88689 
3.27739 3.05869 2.87934 3.66034 3.56231 3.30069 2.97144 4.01311 3.53414 3.24429 
sohu
5.99505 6.26807 6.1977 6.36868 5.69215 6.71981 5.96317 5.99402 6.84207 5.7119 
7.49573 7.16476 7.41239 6.68089 7.36168 7.44451 8.2699 7.23217 6.60795 7.4883 
2.81362 4.8036 4.96997 3.15746 5.20849 5.38076 4.34218 3.70923 4.87954 4.96612 
3.51859 3.36506 3.73512 3.11571 3.45234 3.01755 3.35736 3.22299 3.65365 3.24437 
taobao
4.3046 3.68935 3.89129 4.52629 3.43975 4.10299 4.35062 3.77319 3.83963 3.70301 
4.57774 5.45904 4.1847 4.38186 4.23348 4.33457 4.22542 4.78462 5.2792 4.29336 
3.36057 2.83926 2.1105 2.66893 2.52004 2.72654 2.29516 2.14776 2.258 2.62184 
3.41992 2.37787 2.40207 2.49896 2.51821 2.34174 2.44727 2.65946 2.3428 2.83424 
tmall
7.16156 6.8425 6.74545 6.77995 7.80533 7.95371 7.40612 6.73329 6.42227 6.84819 
7.47607 7.66828 8.47884 7.70217 8.06842 9.99174 7.51995 7.45281 8.47912 9.14506 
3.86699 3.46336 4.78771 4.36517 5.60928 5.2443 3.77982 3.86474 3.57792 4.91828 
4.57809 3.56859 3.21159 3.02575 7.12383 4.02682 3.79667 3.36705 3.63863 7.42026 
weibo
11.2624 9.06441 7.96028 7.7544 8.76756 7.76859 8.66271 8.25266 8.33388 7.68261 
13.13 9.12441 9.4908 8.39049 8.71055 8.9685 9.12362 8.90064 8.434 8.62118 
7.67011 5.53985 5.793 2.82462 2.19393 5.62159 2.65733 2.30469 5.33946 5.82164 
5.68753 2.88907 2.79259 2.54209 2.27279 3.09325 2.57002 2.66448 2.70577 3.07837 
wikipedia
1.11485 1.10673 1.15971 1.5606 1.42602 1.64412 1.35675 1.28938 1.6258 1.33158 
1.75905 1.77281 2.09773 2.36281 1.96803 2.05781 1.99567 1.96355 1.85829 2.33395 
1.2709 1.15303 1.57639 1.49126 1.46919 1.5368 1.94102 1.49426 1.48236 2.21794 
1.15599 1.3956 1.8538 1.78289 1.42789 1.54755 1.96864 1.39265 1.41816 1.85552 
yahoo
8.52995 7.83377 8.50043 7.67127 8.02217 6.80482 8.00253 8.30765 7.43777 7.37286 
9.54476 8.7137 9.31625 10.8116 10.3153 9.10861 9.48789 8.96059 10.8712 8.6765 
7.28498 4.60042 5.94836 7.09145 5.0557 3.90693 7.75737 7.28629 7.61825 6.90496 
3.86019 3.40532 4.30271 3.66036 3.86755 3.23679 3.74986 3.98849 4.00281 3.76007 
yahoo
1.85176 2.38302 2.33412 1.79709 1.94217 1.81618 2.19043 2.41143 2.60778 2.91775 
2.25876 2.79813 2.35627 2.64385 2.70132 2.73876 2.70857 2.52747 3.36002 2.5459 
1.50234 1.45256 1.55201 1.48071 1.59395 1.71375 1.5342 1.5827 2.14969 1.75083 
2.00224 1.62813 1.60238 1.50761 1.60051 1.66913 1.84061 1.59628 2.00946 1.91445 
yandex
2.19222 2.00781 1.98985 2.26482 2.00338 2.03523 2.25571 2.02865 2.23432 1.87744 
1.90169 1.72959 2.67373 2.99413 1.67221 1.92964 1.9047 2.80089 1.92131 2.66004 
1.50446 1.63392 1.50429 1.49767 1.50904 1.43992 1.82703 1.53975 1.50894 1.44615 
1.6569 1.5646 1.58686 1.96478 1.60219 2.44182 1.66419 1.62702 1.83724 1.7344 
youtube
4.04302 3.5958 3.19177 3.38703 3.34348 3.75401 3.42436 3.65475 3.23959 3.91829 
4.23241 3.75885 4.04183 4.77822 4.65355 3.92211 3.98123 4.34767 5.16239 5.72701 
3.48371 2.3703 2.2049 2.91594 2.2574 2.23246 2.36654 2.42892 6.88512 5.49969 
2.47013 2.61697 2.33018 2.18302 2.8303 2.69326 2.22123 2.34167 4.13705 3.21436 
