10
leopard
4.58832 4.6464 4.53817 4.46028 4.4957 4.53829 4.54779 4.45677 4.49018 4.55295 
5.20564 5.18629 5.16906 5.25525 5.31441 5.23392 5.30452 5.31995 5.22892 5.27172 
2.72494 2.79204 2.72247 2.70557 2.76786 2.81668 2.6204 2.75723 2.68142 2.76237 
3.06431 2.90384 2.9823 2.9063 2.88602 2.99907 2.97563 2.96021 2.8813 2.91316 
amazon
3.47224 3.47125 3.41767 3.66128 3.52366 3.43249 3.42701 3.5384 3.53574 3.43117 
4.62382 4.6441 4.55945 4.51957 4.61722 4.4958 4.57166 4.6049 4.26985 4.56826 
3.43272 3.43875 3.61119 3.66932 3.21764 3.62516 3.60836 3.98142 3.48486 3.88079 
3.3778 3.80183 3.19387 3.76203 3.17517 3.13247 3.49124 3.75694 3.55065 3.88598 
baidu
2.11433 2.08295 1.9628 2.06431 1.9392 2.14521 1.86578 2.08028 1.92124 2.12117 
2.74647 2.71925 2.81996 2.74146 2.7649 2.74802 2.76126 2.78844 2.68131 2.79067 
1.38703 1.35814 1.45396 1.38048 1.36961 1.32419 1.37684 1.3845 1.38189 1.37376 
1.65974 1.55189 1.6305 1.62759 1.63339 1.52519 1.5895 1.65122 1.59437 1.5912 
bing
1.40565 1.31831 1.34895 1.38728 1.32972 1.29725 1.39756 1.37617 1.36048 1.34522 
2.23772 2.26545 2.31372 2.31651 2.29957 2.20013 2.20883 2.22984 2.24425 2.27319 
1.26522 1.35126 1.24119 1.329 1.30615 1.22449 1.21455 1.29581 1.25079 1.24832 
1.70494 1.72753 1.69922 1.68176 1.72849 1.67814 1.70479 1.7659 1.67316 1.77744 
ebay
3.49603 3.4414 3.50044 3.2565 3.44947 3.53063 3.25962 3.48238 3.49091 3.46655 
4.33427 4.32294 4.35681 4.41219 4.39581 4.32132 4.3509 4.261 4.26992 4.41774 
2.53961 2.79979 2.45453 2.49021 2.65013 2.51585 2.23334 2.49256 2.49318 2.47426 
2.51572 2.71403 2.46362 2.52878 2.68012 2.66959 2.60109 2.56061 2.66181 2.58558 
google
1.71077 1.68284 1.60996 1.73569 1.55872 1.64031 1.62728 1.71581 1.69261 1.73932 
2.121 2.03835 2.03688 2.12858 2.04215 2.0701 2.05033 2.12691 2.06282 2.04376 
1.35699 1.34606 1.38913 1.38025 1.36806 1.42467 1.41282 1.45678 1.37624 1.31281 
1.61393 1.58982 1.59378 1.64047 1.58781 1.47788 1.48948 1.6274 1.64105 1.57529 
hao123
17.5724 17.6804 17.7983 17.6266 17.8435 17.584 17.5663 17.65 17.9113 17.6935 
34.8128 34.6724 34.9055 34.7952 34.6591 34.5897 34.7117 34.8353 34.7446 34.7409 
2.53413 2.90138 2.98673 2.94439 2.89468 2.93005 2.81443 2.64283 2.71786 2.82536 
2.81732 2.77772 2.65723 2.89042 2.80214 2.73246 2.7881 2.7503 2.86056 2.81055 
qq
6.59232 6.68092 6.83029 6.76581 6.56199 6.7977 6.63997 6.59398 6.65017 6.68451 
7.50303 7.652 7.49394 7.59102 7.56408 7.63565 7.56808 7.58662 7.53743 7.48089 
3.99207 3.44651 3.40204 3.50135 3.39055 3.32021 3.53403 3.37334 3.38612 3.18206 
3.63928 3.66569 3.51186 3.73506 3.53781 3.36217 3.48502 3.57888 3.44979 3.43672 
sohu
7.06921 7.17912 7.00795 7.10348 7.03445 7.11698 7.0411 6.89328 7.20737 7.10948 
8.2655 8.25705 8.17403 8.14744 8.17451 8.164 7.99272 8.67973 8.1616 8.13739 
3.14666 3.2385 3.16764 3.0957 3.28282 3.10965 3.09776 2.88667 2.99795 2.97189 
3.45954 3.35684 3.37557 3.61805 3.2984 3.51108 3.43853 3.62707 3.2016 3.44878 
taobao
4.5342 4.55916 4.55697 4.55718 4.5886 4.59251 4.44427 4.57743 4.52982 4.70385 
5.32229 5.31932 5.37845 5.30097 5.37399 5.36727 5.38146 5.32178 5.35466 5.32723 
3.8324 3.73346 3.1646 3.59989 3.37562 4.14402 3.51106 3.55008 4.25169 3.71712 
3.16204 3.16689 2.92568 3.45113 2.97601 2.91554 2.95323 3.07812 3.8383 3.141 
tmall
8.31977 8.12231 8.17424 8.18308 8.93273 8.14539 8.31406 10.6592 8.23022 8.30005 
9.07153 9.17518 9.23382 10.2746 9.42354 8.99818 9.03778 11.9964 9.01623 9.36639 
4.13155 4.52624 4.49392 5.78783 5.10369 6.05732 5.21441 6.30985 4.88932 4.75131 
3.82818 4.79757 4.07527 6.46741 4.64194 4.23269 7.46053 5.34694 4.15524 4.16374 
weibo
9.71035 10.3171 9.42349 9.86944 9.47129 9.66822 9.53488 9.58011 9.57892 9.66489 
11.4662 10.5708 10.5616 10.6123 10.4639 10.6234 10.4923 10.6759 10.4235 10.5567 
4.76424 2.75373 3.51879 3.43822 2.81585 3.10692 3.10874 2.91566 2.75577 2.94735 
5.15908 2.9233 3.65145 3.50019 3.15189 2.95814 3.23651 2.96598 2.87262 3.16029 
wikipedia
1.58299 1.36114 1.38128 1.48011 1.41856 1.45468 1.57147 1.31365 1.39474 1.31443 
2.02599 2.06391 2.30053 2.11506 2.28755 2.09632 2.27481 2.12282 2.04003 2.14562 
1.41715 1.47549 1.40628 1.36294 1.44066 1.42386 1.31047 1.44305 1.39273 1.39639 
1.53965 1.62409 1.44809 1.60782 1.64518 1.60443 1.49323 1.54515 1.42563 1.46705 
yahoo
9.19587 9.2076 9.28373 9.08766 8.95067 9.17642 8.9647 9.16637 8.99558 9.17797 
10.3011 10.308 10.5044 10.2765 10.2735 10.2628 10.4238 10.1434 10.3035 10.3202 
4.63314 4.74376 8.29194 4.56882 4.49647 4.51543 4.6874 4.61892 4.52152 4.89936 
4.32846 4.39203 4.2712 4.35175 4.39445 5.20084 4.33219 3.60689 4.35319 4.38923 
yandex
2.38475 2.32202 2.34924 2.42268 2.32632 2.38375 2.4177 2.41578 2.36256 2.39503 
3.00835 3.01876 2.92605 3.02534 3.00695 2.95038 3.01739 3.02694 3.10899 3.01552 
1.61968 1.59163 1.60382 1.55132 1.4576 1.59188 1.58336 1.57369 1.59331 1.6015 
1.79321 1.76414 1.72524 1.77897 1.72904 1.698 1.88208 1.71155 1.83842 1.79588 
youtube
4.15899 4.1612 4.0693 4.07169 4.13108 4.15322 4.00391 4.09125 4.07775 4.03722 
4.99468 5.15308 5.00129 4.93189 4.84018 5.00001 4.97109 4.96175 4.80645 4.96945 
3.1489 3.07614 2.68032 2.94224 2.86224 2.94177 2.8386 2.61949 2.67923 3.04968 
3.36531 2.98406 2.7861 3.02147 3.32154 2.77389 3.01353 3.20392 2.87688 3.01505 
