10
leopard
6.35452 6.58387 6.02121 5.93303 5.92304 6.53473 5.89304 6.77635 6.48216 6.56387 
7.46999 8.19725 7.11341 8.66426 7.77754 6.84629 6.91804 7.04516 8.26605 7.06604 
7.19568 7.10815 3.95228 3.81693 3.53793 3.9206 3.35371 4.15509 4.71314 3.52616 
4.43106 4.13331 4.375 3.76623 11.1478 3.71828 4.95185 4.68595 4.00868 4.15266 
amazon
4.82845 4.84944 4.34272 4.41788 4.69761 5.41512 5.17696 4.74115 4.71654 4.69393 
5.85425 6.83804 5.91583 7.93726 7.82495 6.48903 6.05013 6.68163 6.76535 5.77055 
4.82316 5.52935 4.9661 4.80216 5.01181 5.26772 4.49484 5.15624 5.00667 4.5171 
4.85262 4.64002 5.06287 6.04032 5.06492 4.60398 4.1565 5.24376 4.66413 4.36975 
baidu
3.451 2.34457 2.61217 2.63108 2.87926 2.9165 2.63599 2.58288 2.7645 2.43538 
3.80113 3.21521 3.51885 3.98901 4.04768 3.36129 3.68834 3.63197 3.50726 3.52503 
2.13003 1.85614 1.65531 1.89607 1.68919 1.6137 1.73467 1.73948 1.7446 1.64284 
1.98955 2.53578 1.85858 2.14561 1.88867 1.88693 1.87057 2.57395 1.94421 1.96348 
bing
1.57444 2.10235 2.33779 2.06444 2.19708 1.61078 1.5252 1.60054 1.6005 1.55592 
2.73403 2.64504 2.85749 3.00367 2.72848 2.83247 3.22493 2.65926 2.85628 3.3779 
1.42698 2.31776 1.3311 1.71792 1.77614 2.27563 1.51361 1.87641 1.5181 1.66391 
1.97369 2.19111 2.22472 2.46037 2.23017 2.32656 2.29008 2.27334 2.04319 2.1198 
ebay
4.71889 6.03461 4.58905 4.45825 5.91186 4.75401 5.25941 4.91162 4.67702 4.89645 
5.35058 6.28892 6.25446 5.6222 5.83786 5.59109 6.33943 6.05389 8.92624 5.62613 
3.05601 3.13444 3.16807 5.75609 3.76789 3.32081 3.43466 3.28938 3.05126 3.48385 
3.97546 2.87565 2.92995 4.3946 4.27865 3.75024 3.1838 3.51359 3.92012 3.80799 
google
2.63696 2.55958 2.0346 2.22608 2.20108 2.1016 2.17788 2.40496 2.23515 2.45838 
3.13336 3.08578 3.11408 2.77468 2.66938 2.61436 3.71699 3.01607 2.89091 3.08027 
1.71353 1.69871 1.79182 1.71871 1.64157 1.8763 2.62318 2.08122 2.62998 3.01851 
1.92759 2.75796 2.78768 1.91842 1.89977 1.96981 2.86796 3.36285 2.52645 2.96601 
hao123
28.3671 26.5608 27.2289 26.5879 25.5889 28.2828 26.1028 26.8942 25.9302 25.3569 
5.12429 4.09668 6.25232 3.71345 4.20319 3.75971 4.15755 3.70508 3.75434 4.45785 
5.45449 5.4595 4.90484 4.19833 4.01355 4.01222 3.84553 3.88384 4.27348 4.01001 
4.50247 4.40682 4.20005 4.07893 4.15819 4.48624 4.17009 4.62547 3.9999 3.95774 
qq
9.62838 9.1355 9.87734 9.70502 8.88783 9.37209 9.40803 9.96212 8.58431 9.75623 
11.6837 10.851 14.5954 12.5544 11.8574 13.0059 11.8882 11.4189 12.1853 11.7358 
6.62087 9.20145 5.21865 9.23786 7.41452 9.28366 9.07114 5.51056 9.8371 6.25529 
7.16623 6.11551 5.6401 6.15186 7.27346 5.83739 5.34089 5.45176 6.14992 5.65002 
sohu
10.3922 11.0325 10.5215 11.5498 10.1332 10.3076 10.1392 11.6582 10.0066 10.512 
11.7419 10.8826 11.753 13.5894 11.4103 11.6632 11.7249 13.1097 11.2895 11.6312 
7.80496 4.14098 8.32351 8.45763 5.09721 8.46983 5.02038 5.5938 3.83016 3.67687 
4.92858 4.81103 4.22355 5.58802 5.25397 4.76686 4.67051 4.84851 4.51373 3.96966 
taobao
6.45058 6.49881 6.42651 6.45849 7.28637 6.72331 6.35458 6.47677 6.49506 8.3236 
7.13814 11.0076 8.61101 7.0301 10.8902 7.40543 8.05238 7.61751 6.88909 6.78617 
4.63309 9.29934 5.81997 4.32704 9.17946 5.57852 10.3132 5.98235 4.15423 4.9949 
4.53525 5.9235 4.55267 4.93238 5.82647 4.72164 6.43952 4.54656 3.88721 4.60961 
tmall
11.0687 12.263 11.473 14.13 22.9687 11.9734 11.9058 12.1106 11.8129 -104185 
12.4492 13.3947 13.1308 17.9811 17.4726 12.9614 12.7886 12.0523 15.8237 -104240 
8.51663 14.5758 6.93657 19.6316 8.9944 7.32722 6.7069 7.11896 10.3891 -104287 
4.99766 5.74107 14.5719 25.1519 8.273 8.70774 6.26045 6.22061 15.0332 -104324 
weibo
22.1081 14.3855 12.6782 13.2704 14.2529 13.4692 13.6001 13.9669 14.2528 14.0477 
18.6786 15.9439 15.9897 14.5558 14.2228 15.78 16.7977 14.2429 14.5338 14.7081 
12.7318 4.85184 8.4376 4.15688 3.58039 7.62625 8.32412 4.90374 7.95727 4.73495 
6.06333 4.04763 4.24021 4.23445 4.71238 4.02295 5.09266 4.73405 5.13839 4.42178 
wikipedia
1.99506 1.83795 1.8118 1.72044 1.62464 1.68988 1.66943 2.04932 1.85425 2.32858 
2.58278 2.79237 3.61106 2.82141 2.92224 2.67267 3.32518 2.57635 2.56938 2.72604 
1.74437 1.69181 2.18735 1.68421 1.98226 2.58059 1.89582 1.98374 1.64647 2.44072 
1.96084 2.62166 2.14939 1.95395 2.04328 2.02524 1.9477 2.08971 1.8655 2.68114 
yahoo
12.706 13.2314 14.9117 13.7332 13.9583 13.9655 12.9936 13.4184 14.4561 13.1374 
16.5132 15.3519 15.2986 14.7221 15.7213 14.1948 15.0479 15.1996 16.7366 16.6723 
8.80826 5.62722 8.33646 5.32922 8.66647 5.74415 11.2065 9.59162 8.08508 9.18811 
5.9557 5.68205 5.53213 5.57569 4.9445 6.31723 6.79814 6.64921 6.42294 5.45728 
yahoo
3.34035 3.17025 3.61897 2.84874 3.9768 3.09445 3.01111 3.76095 3.05376 2.83372 
3.8058 4.19878 4.05986 4.07621 4.64693 6.31595 3.91671 3.76437 4.1064 4.43517 
3.21969 2.33134 2.48637 2.29682 2.32924 3.27052 2.1822 2.43383 2.60951 2.81432 
2.15643 2.44119 2.18983 2.9549 3.04114 2.18692 2.68478 2.46718 2.32965 2.28412 
yandex
4.56578 3.72151 4.12849 3.48237 3.49331 3.6833 3.86541 3.42112 3.21225 3.22806 
3.59925 5.35677 3.74564 5.7368 3.23227 5.17212 5.30212 4.13787 3.38053 5.36014 
3.398 2.92762 3.44203 3.42046 2.79284 3.70408 3.55711 3.39671 2.5797 3.67749 
3.42824 3.15409 3.12366 2.97786 3.40311 3.31152 3.14243 3.15771 2.84989 3.35366 
youtube
6.80086 6.12523 5.76487 6.07574 5.25297 5.65445 6.69256 5.79865 5.66108 5.83118 
8.28835 6.88899 7.00745 9.71113 7.08872 6.90878 6.71982 6.75107 6.79319 6.99674 
9.44666 4.93041 12.5799 5.06718 3.89534 4.02597 4.12434 3.68515 4.0471 7.83115 
5.93542 4.00567 6.96668 4.0734 3.82644 3.98396 3.79562 4.38112 4.03665 4.22795 
