10
leopard
5.77559 5.73117 5.69583 5.83998 5.67447 5.68171 5.57075 5.72562 5.80048 5.70281 
6.59599 6.59158 6.59452 6.66743 6.74717 6.62636 6.61379 6.58743 6.55546 6.76698 
4.94894 4.66586 4.27709 3.80297 3.5312 3.53472 3.42833 3.37956 10.7294 5.48081 
5.43709 4.4685 4.31357 3.98784 3.79617 3.66136 3.72825 3.63821 6.07496 5.23691 
amazon
4.97853 4.82701 4.70769 4.78043 4.39128 4.55221 4.41201 4.37694 4.62056 4.62458 
6.66426 5.8167 5.77949 5.98546 5.86614 5.49162 5.81796 5.60007 5.85951 6.20003 
8.33084 4.33626 5.02803 4.90214 4.81511 4.60524 4.80269 4.47078 4.31994 4.52189 
4.03361 4.31402 4.35165 4.58878 4.33405 4.82657 4.99024 4.34207 4.44217 4.5216 
baidu
2.61111 2.55262 2.51185 2.50707 2.56213 2.38055 2.56175 2.57137 2.60991 2.59044 
3.44728 4.40252 3.62219 3.4673 3.71032 3.72759 3.4232 3.665 3.70729 3.53654 
1.56194 1.62018 1.75453 1.65201 1.64812 1.62805 1.65634 1.54542 1.58848 1.67683 
1.86856 1.89902 1.8802 1.93964 1.84316 1.88085 1.87692 1.90363 1.87093 1.89989 
bing
1.74697 1.53769 1.64601 1.63833 1.58267 1.61314 1.63392 1.56471 1.55854 1.52582 
2.83205 2.75225 2.70844 2.64924 2.73933 2.76471 2.78612 2.77335 2.87468 2.70067 
1.431 1.42791 1.44711 1.44086 1.53114 1.41106 1.4296 1.54432 1.37468 1.42093 
2.04766 2.04226 1.99223 2.07351 1.96641 2.01351 1.89724 2.01416 1.96923 2.09967 
ebay
4.52122 4.40084 4.32061 4.39899 4.14603 4.32308 4.57532 4.36875 4.47665 4.39345 
5.44716 5.90894 5.3907 5.45145 5.49455 5.42138 5.4674 5.43369 5.42091 5.45008 
2.87714 5.65972 3.47518 3.43262 3.20942 3.16265 5.71177 3.60882 3.40666 3.2111 
2.98237 3.5624 3.51284 3.31692 3.4826 3.25162 3.90584 3.71569 3.49541 3.6024 
google
2.22526 2.04995 1.90414 2.09883 1.90349 2.11071 2.03345 2.20786 1.9035 2.11731 
2.60153 2.72081 2.62311 2.63881 2.66006 2.61712 2.58486 2.61143 2.62626 2.64468 
1.72335 1.63843 1.63174 1.69429 1.61297 1.60292 1.75302 1.7965 1.61454 1.76304 
1.95694 1.91571 1.88981 1.89762 1.95872 1.94901 1.95239 1.86378 1.82284 1.91578 
hao123
22.587 22.5523 22.6665 22.6609 22.5514 22.5366 22.6203 22.649 22.5601 22.5149 
3.20562 3.22093 3.37569 3.29781 3.28384 3.18933 3.38078 3.38115 3.20952 3.21403 
3.07192 3.06012 2.96756 3.03394 3.0804 2.94497 3.1443 3.01505 3.03698 3.03475 
3.49865 3.36658 3.5397 3.6316 3.34441 3.31349 3.37271 3.57003 3.64133 3.41732 
qq
8.46076 8.488 8.59459 8.77247 8.77667 8.49865 8.75625 8.42863 8.38005 8.49083 
9.87601 9.57587 9.49566 9.43855 9.68312 11.4884 9.67729 9.55923 10.1001 10.0467 
5.48127 4.93801 5.3488 5.23054 4.70025 7.6461 6.2057 5.7508 8.03512 4.71287 
5.27184 5.12651 5.34305 6.36265 5.0881 5.93024 5.90818 6.60749 4.99866 5.32878 
sohu
9.19927 9.21904 9.08643 9.08493 8.94311 9.12968 9.01271 9.09336 9.38126 8.93218 
10.3332 10.345 10.1633 10.1759 10.2654 10.2419 10.2839 10.1154 10.3497 10.2197 
3.94554 3.73196 3.39325 3.57586 3.79091 3.68366 3.99162 4.1027 4.15286 3.69061 
3.91979 3.9232 4.06758 3.99083 3.93641 4.30893 4.2802 5.24331 4.27988 4.20078 
taobao
5.8512 5.76316 5.83172 5.87927 6.60156 6.01359 5.90205 5.84095 5.94161 6.8002 
6.9484 6.71214 7.08965 7.08933 6.67533 6.64762 6.75433 6.81153 7.94884 6.96662 
4.84372 6.14197 4.63709 4.98319 4.3672 4.82102 5.80877 5.57943 8.95438 6.99631 
4.90648 5.94569 6.31229 5.24132 4.32662 5.85128 5.91086 6.28293 8.18177 7.01053 
tmall
10.9767 10.7729 10.8049 14.1977 140.469 147.223 149.666 150.573 174.766 0 
12.8482 13.3408 12.4841 179.79 126.679 146.603 149.091 150.265 173.14 0 
8.47123 12.0922 6.75978 10.8734 6.1777 6.08474 5.68352 10.8366 -76857.1 0 
7.38898 6.61279 8.11808 10.3682 6.07025 6.19807 5.94225 24.2292 0 0 
weibo
140.338 144.894 147.937 147.957 147.973 147.93 147.997 147.993 148.221 -78371.4 
143.275 145.083 146.696 146.779 146.981 146.817 146.605 147.159 146.575 -78412.7 
12.0408 4.03648 3.38114 3.74728 3.26237 3.42726 3.68385 3.44541 3.94418 3.67516 
9.02494 3.81815 3.5807 3.90932 3.46647 3.44226 3.91925 3.7576 4.00968 3.81313 
wikipedia
1.74324 1.69808 1.71093 1.71585 1.72713 1.66888 1.73743 1.64198 1.75203 1.67266 
2.58347 2.85204 2.5479 2.50861 2.90036 2.58302 2.60507 2.9246 2.79836 2.84051 
1.64029 1.59798 1.70182 1.76609 1.67689 1.57672 1.6355 1.60039 1.71151 1.64864 
1.97742 1.91101 1.86737 1.89869 1.97279 2.00352 1.99411 1.93167 1.90177 1.87808 
yahoo
11.6937 11.7467 11.7445 12.0469 167.804 165.205 -81620.9 0 0 0 
13.4071 13.5278 12.9335 14.153 170.146 163.852 166.65 0 0 0 
13.3846 13.4294 4.50862 9.64237 167.365 162.408 169.77 0 0 0 
5.33502 6.17659 9.45721 26.1743 334.26 167.033 -81745.6 0 0 0 
yahoo
165.648 164.328 162.369 168.516 166.562 0 0 0 0 0 
167.252 166.528 332.021 168.293 -83327.3 0 0 0 0 0 
167.575 165.445 169.895 168.21 -83370.4 0 0 0 0 0 
164.532 163.924 167.544 166.484 167.357 0 0 0 0 0 
yandex
165.616 167.287 4.17443 3.06403 2.9768 2.86432 2.95297 2.94363 0 0 
167.86 138.585 154.172 156.474 156.493 156.377 156.449 -84934.6 0 0 
162.239 152.607 6.98489 2.36935 1.91908 1.87568 1.94004 1.88791 1.89405 0 
164.984 151.436 4.61865 2.43028 2.07137 2.13235 2.13299 2.21368 2.16125 0 
youtube
5.30436 5.09595 5.31436 5.00944 4.9913 5.3534 5.33284 5.49162 5.22706 5.15854 
6.2007 6.26482 6.29243 6.21368 6.28807 6.3751 6.45067 6.63186 6.20802 6.22246 
3.42016 3.4715 3.31705 3.44676 3.40253 3.62045 3.29224 3.5915 3.38138 3.36103 
3.69797 3.62545 3.43266 3.61214 4.18647 3.82128 4.34621 3.27676 3.60716 4.04141 
