10
leopard
5.6595 5.59651 5.72489 5.80981 5.67926 5.711 5.70159 5.70595 5.71964 5.6084 
6.75404 6.63958 6.56973 6.6494 6.52432 6.85891 6.63374 6.65134 6.60721 6.61304 
3.28393 3.37636 3.38856 3.36976 3.51537 3.59805 3.51637 3.29147 3.62229 3.44332 
3.56973 3.67639 3.6086 3.58671 3.74233 3.75322 3.62342 3.66136 3.7092 3.55552 
amazon
4.65021 4.65363 4.39156 4.4022 4.49741 4.43167 4.61037 4.61276 4.38893 4.34179 
5.81764 5.78615 5.35163 5.80286 5.81045 5.78977 5.82088 5.77862 5.99191 5.56422 
4.5869 5.441 4.7866 4.66805 4.33442 4.60433 4.20338 4.57214 4.0872 4.14829 
4.32461 4.39183 4.44303 4.62175 5.8054 4.47675 4.4779 3.9609 4.04114 4.3347 
baidu
2.63132 2.59044 2.63746 2.61543 2.44056 2.69879 2.62993 2.60778 2.33811 2.29272 
3.54082 3.52895 3.4883 3.5019 3.56822 3.50118 3.47836 3.46775 3.48446 3.47747 
1.69397 1.61395 1.66247 1.70393 1.57979 1.68981 1.72261 1.62324 1.59751 1.65921 
2.01564 1.91811 1.95668 1.87067 1.8674 1.90053 1.92758 1.98596 1.87523 1.98335 
bing
1.6107 1.60346 1.65783 1.52098 1.63787 1.63742 1.68313 1.56647 1.6098 1.59065 
2.72911 2.77693 2.76811 2.78291 2.7898 2.75024 2.76661 2.72259 2.86867 2.72527 
1.45635 1.54729 1.51386 1.56554 1.52062 1.45235 1.4965 1.48912 1.44436 1.49444 
2.03798 2.06306 2.05227 2.09248 1.97173 2.10617 2.06204 1.99003 2.07447 2.04668 
ebay
4.3374 4.35893 4.1584 4.39883 4.44744 4.33902 4.21372 4.18726 4.13516 4.46139 
5.44284 5.33363 5.47956 5.37079 5.34236 5.41051 5.43475 5.4615 5.45621 5.61553 
2.96257 2.89816 2.87534 2.96309 2.97257 2.97626 2.87402 2.92105 2.95548 2.96605 
3.07122 2.9142 3.04084 3.02979 2.97125 2.97443 3.06169 3.12653 3.02483 3.10268 
google
2.07069 2.1227 2.0649 2.12737 2.16719 2.13161 1.94321 2.17599 1.98501 2.1256 
2.55931 2.67546 2.70936 2.59268 2.64881 2.66353 2.63321 2.54655 2.64052 2.61276 
1.72902 1.76978 1.65398 1.66749 1.7335 1.6635 1.66028 1.70062 1.73448 1.70488 
2.00086 1.96389 1.93993 1.87844 1.85693 1.96179 1.91332 1.84313 1.91513 1.93579 
hao123
22.5964 22.5756 22.6061 22.9282 22.6742 22.505 22.6327 22.6197 22.6521 22.6893 
44.5955 44.4927 44.7541 44.5078 44.5197 44.7493 44.624 44.7073 44.5755 44.5794 
3.07179 3.37479 2.96138 2.87492 2.97582 2.92036 2.98961 3.00147 3.39362 2.95475 
3.32462 3.17521 3.17137 3.21738 3.35388 3.2367 3.15375 2.98839 3.29824 3.23403 
qq
8.55699 8.49673 8.38673 8.41853 8.44425 8.4818 8.43705 8.49293 8.66455 8.50163 
9.33763 9.60402 9.4147 9.61929 9.70135 9.60691 9.47787 9.60952 9.50378 9.36683 
4.07374 4.30617 4.28406 3.91656 4.55692 4.22391 4.32793 4.2179 4.22371 4.14684 
4.24699 4.50496 4.35501 4.29238 4.5492 4.28473 4.57499 4.25174 4.74224 4.29616 
sohu
8.96544 9.07857 9.56477 9.22413 8.8814 9.11444 8.9069 9.10239 8.97695 9.10028 
10.351 10.193 10.279 10.2768 10.2516 10.2457 10.1476 10.2665 10.2618 10.2462 
3.76992 3.5502 3.5091 3.68728 3.57124 3.7695 3.6266 3.57183 3.59566 3.69192 
4.01599 4.09023 3.8671 3.94237 4.01385 4.1534 4.25946 3.85689 4.18298 3.95696 
taobao
5.87539 5.8656 5.80145 5.73054 6.04125 5.80529 5.86553 5.80578 5.81983 5.85341 
6.71279 6.69421 6.71436 6.75271 6.93461 6.67928 6.72756 7.02342 6.82325 6.64645 
4.20095 4.41774 4.47505 4.45329 5.39313 3.68122 4.00135 4.03018 4.23119 4.20271 
3.81219 3.73112 3.73056 3.7234 3.73151 3.53765 3.8983 3.80424 3.69454 3.74888 
tmall
10.3898 10.391 10.5827 10.3734 10.9671 10.3273 10.3178 10.3632 10.7805 10.3093 
11.3227 11.6462 12.6219 11.659 12.3568 11.292 11.7514 12.2007 11.7404 11.634 
5.90635 7.74713 8.22669 5.79585 6.63269 4.84514 5.0086 6.31105 5.96341 5.20198 
4.72778 6.0904 4.94042 6.3579 5.76868 5.12011 6.59899 6.46978 5.57614 5.22789 
weibo
12.201 12.2274 12.1869 12.3234 12.1325 12.1344 12.2336 12.2401 12.1903 12.2069 
13.3804 13.4142 13.2385 13.482 13.3899 13.2321 13.5726 13.3209 13.2348 13.3317 
3.32328 3.69181 3.50672 3.86849 3.75411 3.44254 3.56163 3.60121 3.3126 3.0561 
3.57676 3.84224 3.47478 4.00387 3.76432 3.65075 3.93814 3.50274 3.52225 3.83577 
wikipedia
1.66056 1.69494 1.67412 1.71977 1.69515 1.73214 1.89447 1.70308 1.78539 1.67859 
2.87545 2.65219 2.62211 2.53722 2.64002 2.63487 2.59963 2.67638 2.59864 2.62879 
1.73044 1.59814 1.64841 1.63979 1.50392 1.71168 1.61878 1.55928 1.68192 1.57177 
1.89183 1.84051 1.93738 1.89662 1.83091 1.68175 1.95918 1.88953 1.89582 1.94517 
yahoo
11.6764 11.7924 11.5248 11.9768 11.8235 11.6057 11.6454 11.8431 11.9042 11.5 
13.0416 12.9917 12.8467 13.4243 13.8222 12.8234 12.8086 13.5814 13.2928 12.7269 
5.80052 5.66526 5.74111 7.59662 8.80994 5.65398 5.70491 6.97347 6.87487 5.67015 
6.36561 5.65144 5.59683 6.09223 5.64417 5.73289 5.58619 5.65567 5.58086 5.59794 
yandex
3.01139 3.07107 3.07812 2.89271 3.06293 3.02091 2.99178 2.94806 3.07136 3.04146 
3.71694 3.68156 3.78845 3.78061 3.82151 3.77554 3.70261 3.76463 3.61433 3.81198 
1.87691 2.01756 1.93223 1.88887 1.941 1.88514 1.94493 1.9876 1.91429 1.83112 
2.16174 2.11664 2.19013 2.17887 2.17387 2.1695 2.13506 2.16803 2.20833 2.17557 
youtube
5.13414 5.34692 5.20969 5.17005 5.18747 5.05869 5.34486 5.1571 5.15725 5.17531 
5.94033 6.28053 6.33282 6.11321 6.33324 6.34332 6.23972 6.21094 6.22905 6.41714 
3.7224 3.64899 3.55245 3.60572 3.39001 3.60461 3.73907 3.46042 3.79499 3.51104 
3.95654 3.54001 3.70591 3.55211 3.53004 4.26342 3.79622 3.46064 3.82824 3.60335 
