10
leopard
2.24223 2.24896 2.08401 2.17394 2.19779 2.2596 2.2698 2.24835 2.17786 2.28312 
2.63129 2.68394 2.64986 2.62628 2.56895 2.6739 2.7614 2.59639 2.64178 2.60597 
1.47426 1.34136 1.39933 1.50364 1.43272 1.36236 1.37942 1.43135 1.39077 1.39513 
1.56608 1.57254 1.56177 1.58191 1.58453 1.48076 1.50552 1.48593 1.46025 1.44816 
amazon
1.8485 1.82224 1.76622 1.69911 2.08338 1.76817 1.76887 1.80073 1.78283 1.77023 
2.01049 2.30555 2.21269 2.63425 2.33414 2.06712 2.15808 2.45238 2.1607 2.15666 
1.66802 1.75975 1.80656 1.75922 1.80707 1.72301 1.78046 1.64588 1.66649 1.72093 
1.92005 1.88478 1.75236 1.79319 1.86449 1.94698 1.78752 1.93642 1.84381 1.90148 
baidu
0.989033 1.05771 1.04858 1.06375 1.03359 1.08044 1.08201 0.974404 1.05324 1.04399 
1.33958 1.3451 1.32752 1.38664 1.35958 1.34898 1.3416 1.42681 1.3984 1.32199 
0.773049 0.80963 0.816688 0.991705 0.854454 0.811088 0.779581 0.861647 0.856732 0.919271 
0.918721 0.954993 0.933213 1.05172 1.03332 0.962414 0.87523 0.953174 0.875811 0.893812 
bing
0.876023 0.911652 0.829658 0.950739 0.865045 0.809717 1.00615 0.972449 0.94793 0.950867 
1.22039 1.21404 1.1782 1.20164 1.23104 1.19316 1.1952 1.18966 1.20169 1.17614 
0.854655 0.926527 0.953511 0.906291 0.901428 0.942933 0.807178 0.910614 0.786557 0.876558 
1.12313 1.11022 1.04211 1.06184 1.07598 1.16542 1.15196 1.20403 1.1894 1.14895 
ebay
1.72787 1.63202 1.68711 1.61743 2.06727 1.7191 1.75793 1.65708 1.68574 1.70688 
2.28647 2.06157 2.04799 2.05504 2.15809 2.07775 2.05817 2.15267 2.04586 2.01075 
1.53408 1.54135 1.59717 1.52042 1.6425 1.58877 1.63789 1.63041 1.59874 1.56449 
1.64128 1.84518 1.81916 1.73053 1.64427 1.77716 1.8404 1.83203 1.84805 1.77242 
google
0.936125 0.902294 0.90372 0.925315 0.886435 0.910307 0.850742 0.893351 0.958124 0.861566 
1.11921 1.14501 1.15396 1.07298 1.07699 1.1032 1.11625 1.07094 1.16304 0 
0.723502 0.736789 0.743784 0.720906 0.730552 0.683884 0.691951 0.669089 0.76089 0.694638 
0.854065 0.868127 0.90027 0.8624 0.809265 0.797008 0.890429 0.771434 0.801555 0.86011 
hao123
7.58179 7.56542 7.61097 7.56973 7.58934 7.63151 7.55965 7.51871 7.56714 7.65777 
15.1835 15.2485 15.2161 15.2259 15.2731 15.1602 15.2499 15.1982 15.2345 15.3139 
1.96985 2.02385 2.04053 2.03997 1.94996 2.00797 1.88898 1.90704 1.95507 2.04126 
2.12534 2.13286 2.10951 2.05776 1.97001 1.98553 2.22439 2.06577 2.09911 2.13806 
qq
3.08211 3.12592 3.12162 3.08881 3.11049 3.00479 2.97214 3.08188 3.11348 3.11488 
3.67537 3.72604 3.58838 3.66163 3.60275 3.7237 3.71903 3.69355 3.56702 3.61514 
2.14403 2.03959 2.06812 2.06267 2.03066 2.19418 2.03868 1.92512 2.06665 1.97863 
2.29336 2.32919 2.35762 2.24906 2.31214 2.39449 2.26616 2.35746 2.38617 2.36066 
sohu
3.28599 3.22377 3.2074 3.18274 3.21351 3.25476 3.28765 3.18623 3.2352 3.16004 
3.82433 3.77864 3.84238 3.77701 3.80017 3.75327 3.95808 3.82016 3.81714 0 
2.16327 2.37744 2.48918 2.52349 2.31405 2.30238 2.49711 2.42417 2.25962 2.40269 
2.58769 2.74088 2.52335 2.62584 2.55713 2.53477 2.76937 2.48875 2.91604 2.42896 
taobao
2.10194 2.43931 2.19228 2.13016 2.14753 2.15072 2.10496 2.27445 2.05875 2.25774 
2.47908 2.53244 2.42604 2.47191 2.5 2.47755 2.52363 2.49539 2.49314 2.45214 
1.70898 1.8762 1.78974 1.64464 1.87961 1.65453 1.60887 1.81173 1.74346 1.69954 
1.84219 1.7747 1.89614 1.83962 1.80868 1.79676 1.77718 1.85179 2.00091 1.8075 
tmall
3.85655 3.8948 3.71313 7.79808 3.95754 3.7228 4.33249 8.32291 3.62149 3.74497 
4.28167 4.35579 4.63528 9.87525 4.31183 4.41832 7.77054 5.91528 4.36979 4.47521 
2.86068 2.56203 2.80708 7.59946 2.73585 2.71602 10.8435 2.99153 2.52384 3.77746 
2.68636 2.51492 5.77085 5.00235 2.54838 3.01238 13.3759 2.50214 2.98397 7.07137 
weibo
12.815 6.18896 4.53164 4.55294 4.49422 4.29738 4.47943 4.46568 4.51477 4.43576 
28.1804 5.93961 5.42331 4.92995 5.0128 4.75318 4.78724 4.76563 4.93991 5.2871 
15.9137 1.98879 1.75197 1.85992 1.73605 1.79182 1.58625 1.73058 1.69745 1.81951 
8.51114 1.99004 2.05269 1.90028 1.9897 2.0357 1.98039 1.8801 1.9942 1.82203 
wikipedia
0.94931 0.970481 0.77673 0.752341 0.75918 0.754364 0.790316 0.817623 0.792351 0.825256 
1.15836 1.14984 1.08511 1.11582 1.16311 1.10702 1.18975 1.16129 1.09733 1.16472 
0.860902 0.828764 0.885291 0.928123 0.889259 0.868122 0.88488 0.93828 0.943556 0.865103 
0.855092 0.866714 0.881765 0.87436 0.832703 0.878937 0.861537 0.921842 0.879416 0.8929 
yahoo
4.14979 4.21523 4.11213 4.10985 4.06656 4.09346 4.10072 4.10741 4.47846 4.25418 
4.68253 5.41652 4.93437 4.6219 4.63741 4.65777 4.57244 4.73902 4.83698 4.70119 
2.38414 3.06497 2.48455 2.39303 2.3529 2.67857 2.7547 2.41046 2.30491 2.37879 
2.63916 2.66124 2.51688 2.43564 2.63543 2.50792 2.47999 2.42817 2.43267 2.66232 
