amazon 2.12644 2.63815 3.71915 3.7753 
wikipedia 0.818795 1.13923 0.889228 0.874527 
ebay 1.70187 2.0767 1.75194 1.82735 
baidu 1.09917 1.459 1.11568 1.22282 
leopard 2.32829 2.79553 2.34242 2.17159 
bing 0.921919 1.22117 0.919746 1.09787 
tmall 4.69648 5.4409 4.14174 4.74686 
taobao 2.18578 2.48513 1.74173 1.83955 
youtube 1.945 2.3531 1.53401 1.74706 
google 0.939969 1.09781 0.719451 0.881508 
yandex 1.19345 1.4662 0.899031 0.99314 
sohu 3.22373 3.81902 2.37534 2.61728 
qq 3.08161 3.65726 2.05483 2.33063 
yahoo 4.16878 4.78001 2.5207 2.53994 
weibo 5.47758 7.40191 3.1876 2.61563 
hao123 7.5852 15.2304 1.98245 2.09083 
