amazon 3.49109 4.54746 3.59502 3.5128 
wikipedia 1.42731 2.14726 1.4069 1.54003 
ebay 3.43739 4.34429 2.51435 2.59809 
baidu 2.02973 2.75617 1.37904 1.60546 
leopard 4.53149 5.24897 2.7351 2.94721 
bing 1.35666 2.25892 1.27268 1.71414 
tmall 8.5381 9.55936 5.12654 4.91695 
taobao 4.5644 5.34474 3.68799 3.16079 
youtube 4.09556 4.96299 2.88386 3.03617 
google 1.67133 2.07209 1.38238 1.58369 
yandex 2.37798 3.01047 1.57678 1.77165 
sohu 7.07624 8.2154 3.09952 3.43355 
qq 6.67977 7.56127 3.45283 3.54023 
yahoo 9.12066 10.3117 4.99768 4.36202 
weibo 9.68187 10.6447 3.21253 3.35794 
hao123 17.6926 34.7467 2.81918 2.78868 
