amazon 1.32966 1.51634 1.44359 1.4241 
wikipedia 0.608404 0.716335 0.607132 0.676858 
ebay 1.33384 1.50251 1.35652 1.40928 
baidu 0.775487 0.776662 0.740674 0.763068 
leopard 1.15098 1.40677 0.984891 1.16026 
bing 0.781807 0.937073 0.771863 0.901578 
tmall 2.9971 3.66998 2.82154 3.63528 
taobao 1.44355 1.55682 1.31511 1.4167 
youtube 1.31858 1.43355 1.33071 1.3504 
google 0.621777 0.713372 0.654324 0.645487 
yandex 0.706394 0.72375 0.69025 0.741005 
sohu 2.21686 2.4747 2.17626 2.30071 
qq 1.80889 2.07403 1.70797 1.87796 
yahoo 2.12778 2.37249 2.00632 2.18065 
weibo 2.54826 3.04761 2.01642 1.99702 
hao123 2.79599 5.90201 1.65391 1.75132 
