amazon 2.91817 3.52684 2.88795 2.61135 
wikipedia 1.20731 1.68386 1.22166 1.24266 
ebay 2.54103 3.21227 2.13735 2.17733 
baidu 1.54604 2.06 1.08638 1.31743 
leopard 3.36899 3.91951 2.09579 2.19813 
bing 1.0941 1.72002 1.09522 1.36397 
tmall 6.55478 7.50287 4.90107 5.40317 
taobao 3.37087 3.9636 2.65093 2.3472 
youtube 3.03101 3.65871 2.16995 2.31756 
google 1.23842 1.57414 1.08544 1.26106 
yandex 1.80088 2.2398 1.21299 1.42544 
sohu 5.15865 6.01088 2.70506 3.08779 
qq 4.8367 5.64773 2.94493 2.84205 
yahoo 6.81207 7.74605 3.83163 3.21155 
weibo 7.40189 7.67399 2.129 2.3835 
hao123 12.6899 24.9264 2.30256 2.43812 
