amazon 4.49805 5.75141 4.54323 4.4878 
wikipedia 1.72382 2.64653 1.62641 1.87687 
ebay 4.30376 5.43477 2.93646 3.03175 
baidu 2.54825 3.50374 1.65465 1.93012 
leopard 5.69165 6.65013 3.44055 3.64865 
bing 1.61183 2.76802 1.49804 2.04969 
tmall 10.4802 11.8225 6.16389 5.68781 
taobao 5.84641 6.77086 4.30868 3.74124 
youtube 5.19415 6.24403 3.60297 3.72365 
google 2.09143 2.62822 1.70175 1.92092 
yandex 3.01898 3.74582 1.92196 2.16777 
sohu 9.09153 10.2519 3.63433 4.03392 
qq 8.48812 9.52419 4.22777 4.40984 
yahoo 11.7292 13.136 6.44908 5.75038 
weibo 12.2076 13.3597 3.51185 3.71116 
hao123 22.6479 44.6105 3.05185 3.21536 
