leopard 2.21857 2.64398 1.41103 1.52475 
amazon 1.81103 2.24921 1.73374 1.86311 
baidu 1.04267 1.35962 0.847384 0.945241 
bing 0.912023 1.20012 0.886625 1.1273 
ebay 1.72584 2.09544 1.58558 1.77505 
google 0.902798 1.11351 0.715599 0.841466 
hao123 7.5852 15.2304 1.98245 2.09083 
qq 3.08161 3.65726 2.05483 2.33063 
sohu 3.22373 3.81902 2.37534 2.61728 
taobao 2.18578 2.48513 1.74173 1.83955 
tmall 4.69648 5.4409 4.14174 4.74686 
weibo 5.47758 7.40191 3.1876 2.61563 
wikipedia 0.818795 1.13923 0.889228 0.874527 
yahoo 4.16878 4.78001 2.5207 2.53994 
yandex 1.19345 1.4662 0.899031 0.99314 
youtube 1.945 2.3531 1.53401 1.74706 
